#  Wavelength      transmission
#          um          unitless
     0.848867   0.000000000e+00
     0.848951   0.000000000e+00
     0.849036   0.000000000e+00
     0.849121   0.000000000e+00
     0.849206   0.000000000e+00
     0.849291   0.000000000e+00
     0.849376   0.000000000e+00
     0.849461   0.000000000e+00
     0.849546   0.000000000e+00
     0.849631   0.000000000e+00
     0.849716   0.000000000e+00
     0.849801   0.000000000e+00
     0.849886   0.000000000e+00
     0.849971   0.000000000e+00
     0.850056   1.000000000e+00
     0.850141   1.000000000e+00
     0.850226   1.000000000e+00
     0.850311   1.000000000e+00
     0.850396   1.000000000e+00
     0.850481   1.000000000e+00
     0.850566   1.000000000e+00
     0.850651   1.000000000e+00
     0.850736   1.000000000e+00
     0.850821   1.000000000e+00
     0.850906   1.000000000e+00
     0.850991   1.000000000e+00
     0.851076   1.000000000e+00
     0.851162   1.000000000e+00
     0.851247   1.000000000e+00
     0.851332   1.000000000e+00
     0.851417   1.000000000e+00
     0.851502   1.000000000e+00
     0.851587   1.000000000e+00
     0.851672   1.000000000e+00
     0.851758   1.000000000e+00
     0.851843   1.000000000e+00
     0.851928   1.000000000e+00
     0.852013   1.000000000e+00
     0.852098   1.000000000e+00
     0.852184   1.000000000e+00
     0.852269   1.000000000e+00
     0.852354   1.000000000e+00
     0.852439   1.000000000e+00
     0.852525   1.000000000e+00
     0.852610   1.000000000e+00
     0.852695   1.000000000e+00
     0.852780   1.000000000e+00
     0.852866   1.000000000e+00
     0.852951   1.000000000e+00
     0.853036   1.000000000e+00
     0.853122   1.000000000e+00
     0.853207   1.000000000e+00
     0.853292   1.000000000e+00
     0.853377   1.000000000e+00
     0.853463   1.000000000e+00
     0.853548   1.000000000e+00
     0.853634   1.000000000e+00
     0.853719   1.000000000e+00
     0.853804   1.000000000e+00
     0.853890   1.000000000e+00
     0.853975   1.000000000e+00
     0.854060   1.000000000e+00
     0.854146   1.000000000e+00
     0.854231   1.000000000e+00
     0.854317   1.000000000e+00
     0.854402   1.000000000e+00
     0.854488   1.000000000e+00
     0.854573   1.000000000e+00
     0.854659   1.000000000e+00
     0.854744   1.000000000e+00
     0.854829   1.000000000e+00
     0.854915   1.000000000e+00
     0.855000   1.000000000e+00
     0.855086   1.000000000e+00
     0.855171   1.000000000e+00
     0.855257   1.000000000e+00
     0.855343   1.000000000e+00
     0.855428   1.000000000e+00
     0.855514   1.000000000e+00
     0.855599   1.000000000e+00
     0.855685   1.000000000e+00
     0.855770   1.000000000e+00
     0.855856   1.000000000e+00
     0.855941   1.000000000e+00
     0.856027   1.000000000e+00
     0.856113   1.000000000e+00
     0.856198   1.000000000e+00
     0.856284   1.000000000e+00
     0.856370   1.000000000e+00
     0.856455   1.000000000e+00
     0.856541   1.000000000e+00
     0.856626   1.000000000e+00
     0.856712   1.000000000e+00
     0.856798   1.000000000e+00
     0.856884   1.000000000e+00
     0.856969   1.000000000e+00
     0.857055   1.000000000e+00
     0.857141   1.000000000e+00
     0.857226   1.000000000e+00
     0.857312   1.000000000e+00
     0.857398   1.000000000e+00
     0.857484   1.000000000e+00
     0.857569   1.000000000e+00
     0.857655   1.000000000e+00
     0.857741   1.000000000e+00
     0.857827   1.000000000e+00
     0.857912   1.000000000e+00
     0.857998   1.000000000e+00
     0.858084   1.000000000e+00
     0.858170   1.000000000e+00
     0.858256   1.000000000e+00
     0.858341   1.000000000e+00
     0.858427   1.000000000e+00
     0.858513   1.000000000e+00
     0.858599   1.000000000e+00
     0.858685   1.000000000e+00
     0.858771   1.000000000e+00
     0.858857   1.000000000e+00
     0.858943   1.000000000e+00
     0.859028   1.000000000e+00
     0.859114   1.000000000e+00
     0.859200   1.000000000e+00
     0.859286   1.000000000e+00
     0.859372   1.000000000e+00
     0.859458   1.000000000e+00
     0.859544   1.000000000e+00
     0.859630   1.000000000e+00
     0.859716   1.000000000e+00
     0.859802   1.000000000e+00
     0.859888   1.000000000e+00
     0.859974   1.000000000e+00
     0.860060   1.000000000e+00
     0.860146   1.000000000e+00
     0.860232   1.000000000e+00
     0.860318   1.000000000e+00
     0.860404   1.000000000e+00
     0.860490   1.000000000e+00
     0.860576   1.000000000e+00
     0.860662   1.000000000e+00
     0.860748   1.000000000e+00
     0.860834   1.000000000e+00
     0.860920   1.000000000e+00
     0.861006   1.000000000e+00
     0.861093   1.000000000e+00
     0.861179   1.000000000e+00
     0.861265   1.000000000e+00
     0.861351   1.000000000e+00
     0.861437   1.000000000e+00
     0.861523   1.000000000e+00
     0.861609   1.000000000e+00
     0.861696   1.000000000e+00
     0.861782   1.000000000e+00
     0.861868   1.000000000e+00
     0.861954   1.000000000e+00
     0.862040   1.000000000e+00
     0.862126   1.000000000e+00
     0.862213   1.000000000e+00
     0.862299   1.000000000e+00
     0.862385   1.000000000e+00
     0.862471   1.000000000e+00
     0.862558   1.000000000e+00
     0.862644   1.000000000e+00
     0.862730   1.000000000e+00
     0.862816   1.000000000e+00
     0.862903   1.000000000e+00
     0.862989   1.000000000e+00
     0.863075   1.000000000e+00
     0.863162   1.000000000e+00
     0.863248   1.000000000e+00
     0.863334   1.000000000e+00
     0.863421   1.000000000e+00
     0.863507   1.000000000e+00
     0.863593   1.000000000e+00
     0.863680   1.000000000e+00
     0.863766   1.000000000e+00
     0.863852   1.000000000e+00
     0.863939   1.000000000e+00
     0.864025   1.000000000e+00
     0.864112   1.000000000e+00
     0.864198   1.000000000e+00
     0.864284   1.000000000e+00
     0.864371   1.000000000e+00
     0.864457   1.000000000e+00
     0.864544   1.000000000e+00
     0.864630   1.000000000e+00
     0.864717   1.000000000e+00
     0.864803   1.000000000e+00
     0.864890   1.000000000e+00
     0.864976   1.000000000e+00
     0.865063   1.000000000e+00
     0.865149   1.000000000e+00
     0.865236   1.000000000e+00
     0.865322   1.000000000e+00
     0.865409   1.000000000e+00
     0.865495   1.000000000e+00
     0.865582   1.000000000e+00
     0.865668   1.000000000e+00
     0.865755   1.000000000e+00
     0.865842   1.000000000e+00
     0.865928   1.000000000e+00
     0.866015   1.000000000e+00
     0.866101   1.000000000e+00
     0.866188   1.000000000e+00
     0.866275   1.000000000e+00
     0.866361   1.000000000e+00
     0.866448   1.000000000e+00
     0.866535   1.000000000e+00
     0.866621   1.000000000e+00
     0.866708   1.000000000e+00
     0.866795   1.000000000e+00
     0.866881   1.000000000e+00
     0.866968   1.000000000e+00
     0.867055   1.000000000e+00
     0.867141   1.000000000e+00
     0.867228   1.000000000e+00
     0.867315   1.000000000e+00
     0.867402   1.000000000e+00
     0.867488   1.000000000e+00
     0.867575   1.000000000e+00
     0.867662   1.000000000e+00
     0.867749   1.000000000e+00
     0.867835   1.000000000e+00
     0.867922   1.000000000e+00
     0.868009   1.000000000e+00
     0.868096   1.000000000e+00
     0.868183   1.000000000e+00
     0.868269   1.000000000e+00
     0.868356   1.000000000e+00
     0.868443   1.000000000e+00
     0.868530   1.000000000e+00
     0.868617   1.000000000e+00
     0.868704   1.000000000e+00
     0.868790   1.000000000e+00
     0.868877   1.000000000e+00
     0.868964   1.000000000e+00
     0.869051   1.000000000e+00
     0.869138   1.000000000e+00
     0.869225   1.000000000e+00
     0.869312   1.000000000e+00
     0.869399   1.000000000e+00
     0.869486   1.000000000e+00
     0.869573   1.000000000e+00
     0.869660   1.000000000e+00
     0.869747   1.000000000e+00
     0.869834   1.000000000e+00
     0.869921   1.000000000e+00
     0.870008   1.000000000e+00
     0.870095   1.000000000e+00
     0.870182   1.000000000e+00
     0.870269   1.000000000e+00
     0.870356   1.000000000e+00
     0.870443   1.000000000e+00
     0.870530   1.000000000e+00
     0.870617   1.000000000e+00
     0.870704   1.000000000e+00
     0.870791   1.000000000e+00
     0.870878   1.000000000e+00
     0.870965   1.000000000e+00
     0.871052   1.000000000e+00
     0.871139   1.000000000e+00
     0.871226   1.000000000e+00
     0.871314   1.000000000e+00
     0.871401   1.000000000e+00
     0.871488   1.000000000e+00
     0.871575   1.000000000e+00
     0.871662   1.000000000e+00
     0.871749   1.000000000e+00
     0.871837   1.000000000e+00
     0.871924   1.000000000e+00
     0.872011   1.000000000e+00
     0.872098   1.000000000e+00
     0.872185   1.000000000e+00
     0.872273   1.000000000e+00
     0.872360   1.000000000e+00
     0.872447   1.000000000e+00
     0.872534   1.000000000e+00
     0.872622   1.000000000e+00
     0.872709   1.000000000e+00
     0.872796   1.000000000e+00
     0.872883   1.000000000e+00
     0.872971   1.000000000e+00
     0.873058   0.000000000e+00
     0.873145   0.000000000e+00
     0.873233   0.000000000e+00
     0.873320   0.000000000e+00
     0.873407   0.000000000e+00
     0.873495   0.000000000e+00
     0.873582   0.000000000e+00
     0.873669   0.000000000e+00
     0.873757   0.000000000e+00
     0.873844   0.000000000e+00
     0.873931   0.000000000e+00
     0.874019   0.000000000e+00
     0.874106   0.000000000e+00
