#  Wavelength      transmission
#          um          unitless
     0.525542   0.000000000e+00
     0.525594   0.000000000e+00
     0.525647   0.000000000e+00
     0.525699   0.000000000e+00
     0.525752   0.000000000e+00
     0.525804   0.000000000e+00
     0.525857   0.000000000e+00
     0.525910   0.000000000e+00
     0.525962   0.000000000e+00
     0.526015   0.000000000e+00
     0.526067   0.000000000e+00
     0.526120   0.000000000e+00
     0.526173   0.000000000e+00
     0.526225   0.000000000e+00
     0.526278   0.000000000e+00
     0.526331   0.000000000e+00
     0.526383   0.000000000e+00
     0.526436   0.000000000e+00
     0.526488   0.000000000e+00
     0.526541   0.000000000e+00
     0.526594   0.000000000e+00
     0.526646   0.000000000e+00
     0.526699   0.000000000e+00
     0.526752   0.000000000e+00
     0.526804   0.000000000e+00
     0.526857   0.000000000e+00
     0.526910   0.000000000e+00
     0.526962   0.000000000e+00
     0.527015   0.000000000e+00
     0.527068   0.000000000e+00
     0.527121   0.000000000e+00
     0.527173   0.000000000e+00
     0.527226   0.000000000e+00
     0.527279   0.000000000e+00
     0.527331   0.000000000e+00
     0.527384   0.000000000e+00
     0.527437   0.000000000e+00
     0.527490   0.000000000e+00
     0.527542   0.000000000e+00
     0.527595   0.000000000e+00
     0.527648   0.000000000e+00
     0.527701   0.000000000e+00
     0.527754   0.000000000e+00
     0.527806   0.000000000e+00
     0.527859   0.000000000e+00
     0.527912   0.000000000e+00
     0.527965   0.000000000e+00
     0.528017   1.000000000e+00
     0.528070   1.000000000e+00
     0.528123   1.000000000e+00
     0.528176   1.000000000e+00
     0.528229   1.000000000e+00
     0.528282   1.000000000e+00
     0.528334   1.000000000e+00
     0.528387   1.000000000e+00
     0.528440   1.000000000e+00
     0.528493   1.000000000e+00
     0.528546   1.000000000e+00
     0.528599   1.000000000e+00
     0.528651   1.000000000e+00
     0.528704   1.000000000e+00
     0.528757   1.000000000e+00
     0.528810   1.000000000e+00
     0.528863   1.000000000e+00
     0.528916   1.000000000e+00
     0.528969   1.000000000e+00
     0.529022   1.000000000e+00
     0.529075   1.000000000e+00
     0.529127   1.000000000e+00
     0.529180   1.000000000e+00
     0.529233   1.000000000e+00
     0.529286   1.000000000e+00
     0.529339   1.000000000e+00
     0.529392   1.000000000e+00
     0.529445   1.000000000e+00
     0.529498   1.000000000e+00
     0.529551   1.000000000e+00
     0.529604   1.000000000e+00
     0.529657   1.000000000e+00
     0.529710   1.000000000e+00
     0.529763   1.000000000e+00
     0.529816   1.000000000e+00
     0.529869   1.000000000e+00
     0.529922   1.000000000e+00
     0.529975   1.000000000e+00
     0.530028   1.000000000e+00
     0.530081   1.000000000e+00
     0.530134   1.000000000e+00
     0.530187   1.000000000e+00
     0.530240   1.000000000e+00
     0.530293   1.000000000e+00
     0.530346   1.000000000e+00
     0.530399   1.000000000e+00
     0.530452   1.000000000e+00
     0.530505   1.000000000e+00
     0.530558   1.000000000e+00
     0.530611   1.000000000e+00
     0.530664   1.000000000e+00
     0.530717   1.000000000e+00
     0.530770   1.000000000e+00
     0.530823   1.000000000e+00
     0.530876   1.000000000e+00
     0.530930   1.000000000e+00
     0.530983   1.000000000e+00
     0.531036   1.000000000e+00
     0.531089   1.000000000e+00
     0.531142   1.000000000e+00
     0.531195   1.000000000e+00
     0.531248   1.000000000e+00
     0.531301   1.000000000e+00
     0.531354   1.000000000e+00
     0.531408   1.000000000e+00
     0.531461   1.000000000e+00
     0.531514   1.000000000e+00
     0.531567   1.000000000e+00
     0.531620   1.000000000e+00
     0.531673   1.000000000e+00
     0.531727   1.000000000e+00
     0.531780   1.000000000e+00
     0.531833   1.000000000e+00
     0.531886   1.000000000e+00
     0.531939   1.000000000e+00
     0.531992   1.000000000e+00
     0.532046   1.000000000e+00
     0.532099   1.000000000e+00
     0.532152   1.000000000e+00
     0.532205   1.000000000e+00
     0.532259   1.000000000e+00
     0.532312   1.000000000e+00
     0.532365   1.000000000e+00
     0.532418   1.000000000e+00
     0.532472   1.000000000e+00
     0.532525   1.000000000e+00
     0.532578   1.000000000e+00
     0.532631   1.000000000e+00
     0.532685   1.000000000e+00
     0.532738   1.000000000e+00
     0.532791   1.000000000e+00
     0.532844   1.000000000e+00
     0.532898   1.000000000e+00
     0.532951   1.000000000e+00
     0.533004   1.000000000e+00
     0.533058   1.000000000e+00
     0.533111   1.000000000e+00
     0.533164   1.000000000e+00
     0.533217   1.000000000e+00
     0.533271   1.000000000e+00
     0.533324   1.000000000e+00
     0.533377   1.000000000e+00
     0.533431   1.000000000e+00
     0.533484   1.000000000e+00
     0.533538   1.000000000e+00
     0.533591   1.000000000e+00
     0.533644   1.000000000e+00
     0.533698   1.000000000e+00
     0.533751   1.000000000e+00
     0.533804   1.000000000e+00
     0.533858   1.000000000e+00
     0.533911   1.000000000e+00
     0.533965   1.000000000e+00
     0.534018   1.000000000e+00
     0.534071   1.000000000e+00
     0.534125   1.000000000e+00
     0.534178   1.000000000e+00
     0.534232   1.000000000e+00
     0.534285   1.000000000e+00
     0.534338   1.000000000e+00
     0.534392   1.000000000e+00
     0.534445   1.000000000e+00
     0.534499   1.000000000e+00
     0.534552   1.000000000e+00
     0.534606   1.000000000e+00
     0.534659   1.000000000e+00
     0.534713   1.000000000e+00
     0.534766   1.000000000e+00
     0.534820   1.000000000e+00
     0.534873   1.000000000e+00
     0.534927   1.000000000e+00
     0.534980   1.000000000e+00
     0.535034   1.000000000e+00
     0.535087   1.000000000e+00
     0.535141   1.000000000e+00
     0.535194   1.000000000e+00
     0.535248   1.000000000e+00
     0.535301   1.000000000e+00
     0.535355   1.000000000e+00
     0.535408   1.000000000e+00
     0.535462   1.000000000e+00
     0.535515   1.000000000e+00
     0.535569   1.000000000e+00
     0.535622   1.000000000e+00
     0.535676   1.000000000e+00
     0.535730   1.000000000e+00
     0.535783   1.000000000e+00
     0.535837   1.000000000e+00
     0.535890   1.000000000e+00
     0.535944   1.000000000e+00
     0.535997   1.000000000e+00
     0.536051   1.000000000e+00
     0.536105   1.000000000e+00
     0.536158   1.000000000e+00
     0.536212   1.000000000e+00
     0.536266   1.000000000e+00
     0.536319   1.000000000e+00
     0.536373   1.000000000e+00
     0.536426   1.000000000e+00
     0.536480   1.000000000e+00
     0.536534   1.000000000e+00
     0.536587   1.000000000e+00
     0.536641   1.000000000e+00
     0.536695   1.000000000e+00
     0.536748   1.000000000e+00
     0.536802   1.000000000e+00
     0.536856   1.000000000e+00
     0.536909   1.000000000e+00
     0.536963   1.000000000e+00
     0.537017   1.000000000e+00
     0.537071   1.000000000e+00
     0.537124   1.000000000e+00
     0.537178   1.000000000e+00
     0.537232   1.000000000e+00
     0.537285   1.000000000e+00
     0.537339   1.000000000e+00
     0.537393   1.000000000e+00
     0.537447   1.000000000e+00
     0.537500   1.000000000e+00
     0.537554   1.000000000e+00
     0.537608   1.000000000e+00
     0.537662   1.000000000e+00
     0.537715   1.000000000e+00
     0.537769   1.000000000e+00
     0.537823   1.000000000e+00
     0.537877   1.000000000e+00
     0.537931   1.000000000e+00
     0.537984   1.000000000e+00
     0.538038   1.000000000e+00
     0.538092   1.000000000e+00
     0.538146   1.000000000e+00
     0.538200   1.000000000e+00
     0.538253   1.000000000e+00
     0.538307   1.000000000e+00
     0.538361   1.000000000e+00
     0.538415   1.000000000e+00
     0.538469   1.000000000e+00
     0.538523   1.000000000e+00
     0.538576   1.000000000e+00
     0.538630   1.000000000e+00
     0.538684   1.000000000e+00
     0.538738   1.000000000e+00
     0.538792   1.000000000e+00
     0.538846   1.000000000e+00
     0.538900   1.000000000e+00
     0.538954   1.000000000e+00
     0.539007   1.000000000e+00
     0.539061   1.000000000e+00
     0.539115   1.000000000e+00
     0.539169   1.000000000e+00
     0.539223   1.000000000e+00
     0.539277   1.000000000e+00
     0.539331   1.000000000e+00
     0.539385   1.000000000e+00
     0.539439   1.000000000e+00
     0.539493   1.000000000e+00
     0.539547   1.000000000e+00
     0.539601   1.000000000e+00
     0.539655   1.000000000e+00
     0.539709   1.000000000e+00
     0.539763   1.000000000e+00
     0.539817   1.000000000e+00
     0.539871   1.000000000e+00
     0.539925   1.000000000e+00
     0.539979   1.000000000e+00
     0.540033   1.000000000e+00
     0.540087   1.000000000e+00
     0.540141   1.000000000e+00
     0.540195   1.000000000e+00
     0.540249   1.000000000e+00
     0.540303   1.000000000e+00
     0.540357   1.000000000e+00
     0.540411   1.000000000e+00
     0.540465   1.000000000e+00
     0.540519   1.000000000e+00
     0.540573   1.000000000e+00
     0.540627   1.000000000e+00
     0.540681   1.000000000e+00
     0.540735   1.000000000e+00
     0.540789   1.000000000e+00
     0.540843   1.000000000e+00
     0.540897   1.000000000e+00
     0.540951   1.000000000e+00
     0.541005   1.000000000e+00
     0.541060   1.000000000e+00
     0.541114   1.000000000e+00
     0.541168   1.000000000e+00
     0.541222   1.000000000e+00
     0.541276   1.000000000e+00
     0.541330   1.000000000e+00
     0.541384   1.000000000e+00
     0.541438   1.000000000e+00
     0.541493   1.000000000e+00
     0.541547   1.000000000e+00
     0.541601   1.000000000e+00
     0.541655   1.000000000e+00
     0.541709   1.000000000e+00
     0.541763   1.000000000e+00
     0.541818   1.000000000e+00
     0.541872   1.000000000e+00
     0.541926   1.000000000e+00
     0.541980   1.000000000e+00
     0.542034   1.000000000e+00
     0.542089   1.000000000e+00
     0.542143   1.000000000e+00
     0.542197   1.000000000e+00
     0.542251   1.000000000e+00
     0.542305   1.000000000e+00
     0.542360   1.000000000e+00
     0.542414   1.000000000e+00
     0.542468   1.000000000e+00
     0.542522   1.000000000e+00
     0.542577   1.000000000e+00
     0.542631   1.000000000e+00
     0.542685   1.000000000e+00
     0.542739   1.000000000e+00
     0.542794   1.000000000e+00
     0.542848   1.000000000e+00
     0.542902   1.000000000e+00
     0.542957   1.000000000e+00
     0.543011   1.000000000e+00
     0.543065   1.000000000e+00
     0.543120   1.000000000e+00
     0.543174   1.000000000e+00
     0.543228   1.000000000e+00
     0.543282   1.000000000e+00
     0.543337   1.000000000e+00
     0.543391   1.000000000e+00
     0.543445   1.000000000e+00
     0.543500   1.000000000e+00
     0.543554   1.000000000e+00
     0.543609   1.000000000e+00
     0.543663   1.000000000e+00
     0.543717   1.000000000e+00
     0.543772   1.000000000e+00
     0.543826   1.000000000e+00
     0.543880   1.000000000e+00
     0.543935   1.000000000e+00
     0.543989   1.000000000e+00
     0.544044   1.000000000e+00
     0.544098   1.000000000e+00
     0.544152   1.000000000e+00
     0.544207   1.000000000e+00
     0.544261   1.000000000e+00
     0.544316   1.000000000e+00
     0.544370   1.000000000e+00
     0.544425   1.000000000e+00
     0.544479   1.000000000e+00
     0.544533   1.000000000e+00
     0.544588   1.000000000e+00
     0.544642   1.000000000e+00
     0.544697   1.000000000e+00
     0.544751   1.000000000e+00
     0.544806   1.000000000e+00
     0.544860   1.000000000e+00
     0.544915   1.000000000e+00
     0.544969   1.000000000e+00
     0.545024   1.000000000e+00
     0.545078   1.000000000e+00
     0.545133   1.000000000e+00
     0.545187   1.000000000e+00
     0.545242   1.000000000e+00
     0.545296   1.000000000e+00
     0.545351   1.000000000e+00
     0.545405   1.000000000e+00
     0.545460   1.000000000e+00
     0.545514   1.000000000e+00
     0.545569   1.000000000e+00
     0.545624   1.000000000e+00
     0.545678   1.000000000e+00
     0.545733   1.000000000e+00
     0.545787   1.000000000e+00
     0.545842   1.000000000e+00
     0.545896   1.000000000e+00
     0.545951   1.000000000e+00
     0.546006   1.000000000e+00
     0.546060   1.000000000e+00
     0.546115   1.000000000e+00
     0.546170   1.000000000e+00
     0.546224   1.000000000e+00
     0.546279   1.000000000e+00
     0.546333   1.000000000e+00
     0.546388   1.000000000e+00
     0.546443   1.000000000e+00
     0.546497   1.000000000e+00
     0.546552   1.000000000e+00
     0.546607   1.000000000e+00
     0.546661   1.000000000e+00
     0.546716   1.000000000e+00
     0.546771   1.000000000e+00
     0.546825   1.000000000e+00
     0.546880   1.000000000e+00
     0.546935   1.000000000e+00
     0.546989   1.000000000e+00
     0.547044   1.000000000e+00
     0.547099   1.000000000e+00
     0.547153   1.000000000e+00
     0.547208   1.000000000e+00
     0.547263   1.000000000e+00
     0.547318   1.000000000e+00
     0.547372   1.000000000e+00
     0.547427   1.000000000e+00
     0.547482   1.000000000e+00
     0.547537   1.000000000e+00
     0.547591   1.000000000e+00
     0.547646   1.000000000e+00
     0.547701   1.000000000e+00
     0.547756   1.000000000e+00
     0.547810   1.000000000e+00
     0.547865   1.000000000e+00
     0.547920   1.000000000e+00
     0.547975   1.000000000e+00
     0.548030   1.000000000e+00
     0.548084   1.000000000e+00
     0.548139   1.000000000e+00
     0.548194   1.000000000e+00
     0.548249   1.000000000e+00
     0.548304   1.000000000e+00
     0.548359   1.000000000e+00
     0.548413   1.000000000e+00
     0.548468   1.000000000e+00
     0.548523   1.000000000e+00
     0.548578   1.000000000e+00
     0.548633   1.000000000e+00
     0.548688   1.000000000e+00
     0.548743   1.000000000e+00
     0.548797   1.000000000e+00
     0.548852   1.000000000e+00
     0.548907   1.000000000e+00
     0.548962   1.000000000e+00
     0.549017   1.000000000e+00
     0.549072   1.000000000e+00
     0.549127   1.000000000e+00
     0.549182   1.000000000e+00
     0.549237   1.000000000e+00
     0.549292   1.000000000e+00
     0.549346   1.000000000e+00
     0.549401   1.000000000e+00
     0.549456   1.000000000e+00
     0.549511   1.000000000e+00
     0.549566   1.000000000e+00
     0.549621   1.000000000e+00
     0.549676   1.000000000e+00
     0.549731   1.000000000e+00
     0.549786   1.000000000e+00
     0.549841   1.000000000e+00
     0.549896   1.000000000e+00
     0.549951   1.000000000e+00
     0.550006   1.000000000e+00
     0.550061   1.000000000e+00
     0.550116   1.000000000e+00
     0.550171   1.000000000e+00
     0.550226   1.000000000e+00
     0.550281   1.000000000e+00
     0.550336   1.000000000e+00
     0.550391   1.000000000e+00
     0.550446   1.000000000e+00
     0.550501   1.000000000e+00
     0.550556   1.000000000e+00
     0.550611   1.000000000e+00
     0.550667   1.000000000e+00
     0.550722   1.000000000e+00
     0.550777   1.000000000e+00
     0.550832   1.000000000e+00
     0.550887   1.000000000e+00
     0.550942   1.000000000e+00
     0.550997   1.000000000e+00
     0.551052   1.000000000e+00
     0.551107   1.000000000e+00
     0.551162   1.000000000e+00
     0.551217   1.000000000e+00
     0.551273   1.000000000e+00
     0.551328   1.000000000e+00
     0.551383   1.000000000e+00
     0.551438   1.000000000e+00
     0.551493   1.000000000e+00
     0.551548   1.000000000e+00
     0.551603   1.000000000e+00
     0.551659   1.000000000e+00
     0.551714   1.000000000e+00
     0.551769   1.000000000e+00
     0.551824   1.000000000e+00
     0.551879   1.000000000e+00
     0.551934   1.000000000e+00
     0.551990   1.000000000e+00
     0.552045   1.000000000e+00
     0.552100   1.000000000e+00
     0.552155   1.000000000e+00
     0.552211   1.000000000e+00
     0.552266   1.000000000e+00
     0.552321   1.000000000e+00
     0.552376   1.000000000e+00
     0.552431   1.000000000e+00
     0.552487   1.000000000e+00
     0.552542   1.000000000e+00
     0.552597   1.000000000e+00
     0.552652   1.000000000e+00
     0.552708   1.000000000e+00
     0.552763   1.000000000e+00
     0.552818   1.000000000e+00
     0.552874   1.000000000e+00
     0.552929   1.000000000e+00
     0.552984   1.000000000e+00
     0.553039   1.000000000e+00
     0.553095   1.000000000e+00
     0.553150   1.000000000e+00
     0.553205   1.000000000e+00
     0.553261   1.000000000e+00
     0.553316   1.000000000e+00
     0.553371   1.000000000e+00
     0.553427   1.000000000e+00
     0.553482   1.000000000e+00
     0.553537   1.000000000e+00
     0.553593   1.000000000e+00
     0.553648   1.000000000e+00
     0.553704   1.000000000e+00
     0.553759   1.000000000e+00
     0.553814   1.000000000e+00
     0.553870   1.000000000e+00
     0.553925   1.000000000e+00
     0.553980   1.000000000e+00
     0.554036   1.000000000e+00
     0.554091   1.000000000e+00
     0.554147   1.000000000e+00
     0.554202   1.000000000e+00
     0.554257   1.000000000e+00
     0.554313   1.000000000e+00
     0.554368   1.000000000e+00
     0.554424   1.000000000e+00
     0.554479   1.000000000e+00
     0.554535   1.000000000e+00
     0.554590   1.000000000e+00
     0.554646   1.000000000e+00
     0.554701   1.000000000e+00
     0.554757   1.000000000e+00
     0.554812   1.000000000e+00
     0.554868   1.000000000e+00
     0.554923   1.000000000e+00
     0.554979   1.000000000e+00
     0.555034   1.000000000e+00
     0.555090   1.000000000e+00
     0.555145   1.000000000e+00
     0.555201   1.000000000e+00
     0.555256   1.000000000e+00
     0.555312   1.000000000e+00
     0.555367   1.000000000e+00
     0.555423   1.000000000e+00
     0.555478   1.000000000e+00
     0.555534   1.000000000e+00
     0.555589   1.000000000e+00
     0.555645   1.000000000e+00
     0.555700   1.000000000e+00
     0.555756   1.000000000e+00
     0.555812   1.000000000e+00
     0.555867   1.000000000e+00
     0.555923   1.000000000e+00
     0.555978   1.000000000e+00
     0.556034   1.000000000e+00
     0.556090   1.000000000e+00
     0.556145   1.000000000e+00
     0.556201   1.000000000e+00
     0.556256   1.000000000e+00
     0.556312   1.000000000e+00
     0.556368   1.000000000e+00
     0.556423   1.000000000e+00
     0.556479   1.000000000e+00
     0.556535   1.000000000e+00
     0.556590   1.000000000e+00
     0.556646   1.000000000e+00
     0.556702   1.000000000e+00
     0.556757   1.000000000e+00
     0.556813   1.000000000e+00
     0.556869   1.000000000e+00
     0.556924   1.000000000e+00
     0.556980   1.000000000e+00
     0.557036   1.000000000e+00
     0.557091   1.000000000e+00
     0.557147   1.000000000e+00
     0.557203   1.000000000e+00
     0.557259   1.000000000e+00
     0.557314   1.000000000e+00
     0.557370   1.000000000e+00
     0.557426   1.000000000e+00
     0.557482   1.000000000e+00
     0.557537   1.000000000e+00
     0.557593   1.000000000e+00
     0.557649   1.000000000e+00
     0.557705   1.000000000e+00
     0.557760   1.000000000e+00
     0.557816   1.000000000e+00
     0.557872   1.000000000e+00
     0.557928   1.000000000e+00
     0.557983   1.000000000e+00
     0.558039   1.000000000e+00
     0.558095   1.000000000e+00
     0.558151   1.000000000e+00
     0.558207   1.000000000e+00
     0.558263   1.000000000e+00
     0.558318   1.000000000e+00
     0.558374   1.000000000e+00
     0.558430   1.000000000e+00
     0.558486   1.000000000e+00
     0.558542   1.000000000e+00
     0.558598   1.000000000e+00
     0.558653   1.000000000e+00
     0.558709   1.000000000e+00
     0.558765   1.000000000e+00
     0.558821   1.000000000e+00
     0.558877   1.000000000e+00
     0.558933   1.000000000e+00
     0.558989   1.000000000e+00
     0.559045   1.000000000e+00
     0.559101   1.000000000e+00
     0.559156   1.000000000e+00
     0.559212   1.000000000e+00
     0.559268   1.000000000e+00
     0.559324   1.000000000e+00
     0.559380   1.000000000e+00
     0.559436   1.000000000e+00
     0.559492   1.000000000e+00
     0.559548   1.000000000e+00
     0.559604   1.000000000e+00
     0.559660   1.000000000e+00
     0.559716   1.000000000e+00
     0.559772   1.000000000e+00
     0.559828   1.000000000e+00
     0.559884   1.000000000e+00
     0.559940   1.000000000e+00
     0.559996   1.000000000e+00
     0.560052   1.000000000e+00
     0.560108   1.000000000e+00
     0.560164   1.000000000e+00
     0.560220   1.000000000e+00
     0.560276   1.000000000e+00
     0.560332   1.000000000e+00
     0.560388   1.000000000e+00
     0.560444   1.000000000e+00
     0.560500   1.000000000e+00
     0.560556   1.000000000e+00
     0.560612   1.000000000e+00
     0.560668   1.000000000e+00
     0.560724   1.000000000e+00
     0.560780   1.000000000e+00
     0.560836   1.000000000e+00
     0.560893   1.000000000e+00
     0.560949   1.000000000e+00
     0.561005   1.000000000e+00
     0.561061   1.000000000e+00
     0.561117   1.000000000e+00
     0.561173   1.000000000e+00
     0.561229   1.000000000e+00
     0.561285   1.000000000e+00
     0.561341   1.000000000e+00
     0.561398   1.000000000e+00
     0.561454   1.000000000e+00
     0.561510   1.000000000e+00
     0.561566   1.000000000e+00
     0.561622   1.000000000e+00
     0.561678   1.000000000e+00
     0.561735   1.000000000e+00
     0.561791   1.000000000e+00
     0.561847   1.000000000e+00
     0.561903   1.000000000e+00
     0.561959   1.000000000e+00
     0.562015   1.000000000e+00
     0.562072   1.000000000e+00
     0.562128   1.000000000e+00
     0.562184   1.000000000e+00
     0.562240   1.000000000e+00
     0.562297   1.000000000e+00
     0.562353   1.000000000e+00
     0.562409   1.000000000e+00
     0.562465   1.000000000e+00
     0.562522   1.000000000e+00
     0.562578   1.000000000e+00
     0.562634   1.000000000e+00
     0.562690   1.000000000e+00
     0.562747   1.000000000e+00
     0.562803   1.000000000e+00
     0.562859   1.000000000e+00
     0.562915   1.000000000e+00
     0.562972   1.000000000e+00
     0.563028   1.000000000e+00
     0.563084   1.000000000e+00
     0.563141   1.000000000e+00
     0.563197   1.000000000e+00
     0.563253   1.000000000e+00
     0.563310   1.000000000e+00
     0.563366   1.000000000e+00
     0.563422   1.000000000e+00
     0.563479   1.000000000e+00
     0.563535   1.000000000e+00
     0.563591   1.000000000e+00
     0.563648   1.000000000e+00
     0.563704   1.000000000e+00
     0.563760   1.000000000e+00
     0.563817   1.000000000e+00
     0.563873   1.000000000e+00
     0.563930   1.000000000e+00
     0.563986   1.000000000e+00
     0.564042   1.000000000e+00
     0.564099   1.000000000e+00
     0.564155   1.000000000e+00
     0.564212   1.000000000e+00
     0.564268   1.000000000e+00
     0.564324   1.000000000e+00
     0.564381   1.000000000e+00
     0.564437   1.000000000e+00
     0.564494   1.000000000e+00
     0.564550   1.000000000e+00
     0.564607   1.000000000e+00
     0.564663   1.000000000e+00
     0.564720   1.000000000e+00
     0.564776   1.000000000e+00
     0.564833   1.000000000e+00
     0.564889   1.000000000e+00
     0.564946   1.000000000e+00
     0.565002   1.000000000e+00
     0.565059   1.000000000e+00
     0.565115   1.000000000e+00
     0.565172   1.000000000e+00
     0.565228   1.000000000e+00
     0.565285   1.000000000e+00
     0.565341   1.000000000e+00
     0.565398   1.000000000e+00
     0.565454   1.000000000e+00
     0.565511   1.000000000e+00
     0.565567   1.000000000e+00
     0.565624   1.000000000e+00
     0.565680   1.000000000e+00
     0.565737   1.000000000e+00
     0.565794   1.000000000e+00
     0.565850   1.000000000e+00
     0.565907   1.000000000e+00
     0.565963   1.000000000e+00
     0.566020   1.000000000e+00
     0.566077   1.000000000e+00
     0.566133   1.000000000e+00
     0.566190   1.000000000e+00
     0.566246   1.000000000e+00
     0.566303   1.000000000e+00
     0.566360   1.000000000e+00
     0.566416   1.000000000e+00
     0.566473   1.000000000e+00
     0.566530   1.000000000e+00
     0.566586   1.000000000e+00
     0.566643   1.000000000e+00
     0.566700   1.000000000e+00
     0.566756   1.000000000e+00
     0.566813   1.000000000e+00
     0.566870   1.000000000e+00
     0.566926   1.000000000e+00
     0.566983   1.000000000e+00
     0.567040   1.000000000e+00
     0.567096   1.000000000e+00
     0.567153   1.000000000e+00
     0.567210   1.000000000e+00
     0.567267   1.000000000e+00
     0.567323   1.000000000e+00
     0.567380   1.000000000e+00
     0.567437   1.000000000e+00
     0.567494   1.000000000e+00
     0.567550   1.000000000e+00
     0.567607   1.000000000e+00
     0.567664   1.000000000e+00
     0.567721   1.000000000e+00
     0.567777   1.000000000e+00
     0.567834   1.000000000e+00
     0.567891   1.000000000e+00
     0.567948   1.000000000e+00
     0.568005   1.000000000e+00
     0.568061   1.000000000e+00
     0.568118   1.000000000e+00
     0.568175   1.000000000e+00
     0.568232   1.000000000e+00
     0.568289   1.000000000e+00
     0.568345   1.000000000e+00
     0.568402   1.000000000e+00
     0.568459   1.000000000e+00
     0.568516   1.000000000e+00
     0.568573   1.000000000e+00
     0.568630   1.000000000e+00
     0.568687   1.000000000e+00
     0.568743   1.000000000e+00
     0.568800   1.000000000e+00
     0.568857   1.000000000e+00
     0.568914   1.000000000e+00
     0.568971   1.000000000e+00
     0.569028   1.000000000e+00
     0.569085   1.000000000e+00
     0.569142   1.000000000e+00
     0.569199   1.000000000e+00
     0.569256   1.000000000e+00
     0.569312   1.000000000e+00
     0.569369   1.000000000e+00
     0.569426   1.000000000e+00
     0.569483   1.000000000e+00
     0.569540   1.000000000e+00
     0.569597   1.000000000e+00
     0.569654   1.000000000e+00
     0.569711   1.000000000e+00
     0.569768   1.000000000e+00
     0.569825   1.000000000e+00
     0.569882   1.000000000e+00
     0.569939   1.000000000e+00
     0.569996   1.000000000e+00
     0.570053   1.000000000e+00
     0.570110   1.000000000e+00
     0.570167   1.000000000e+00
     0.570224   1.000000000e+00
     0.570281   1.000000000e+00
     0.570338   1.000000000e+00
     0.570395   1.000000000e+00
     0.570452   1.000000000e+00
     0.570509   1.000000000e+00
     0.570566   1.000000000e+00
     0.570623   1.000000000e+00
     0.570680   1.000000000e+00
     0.570737   1.000000000e+00
     0.570795   1.000000000e+00
     0.570852   1.000000000e+00
     0.570909   1.000000000e+00
     0.570966   1.000000000e+00
     0.571023   1.000000000e+00
     0.571080   1.000000000e+00
     0.571137   1.000000000e+00
     0.571194   1.000000000e+00
     0.571251   1.000000000e+00
     0.571309   1.000000000e+00
     0.571366   1.000000000e+00
     0.571423   1.000000000e+00
     0.571480   1.000000000e+00
     0.571537   1.000000000e+00
     0.571594   1.000000000e+00
     0.571651   1.000000000e+00
     0.571709   1.000000000e+00
     0.571766   1.000000000e+00
     0.571823   1.000000000e+00
     0.571880   1.000000000e+00
     0.571937   1.000000000e+00
     0.571995   1.000000000e+00
     0.572052   1.000000000e+00
     0.572109   1.000000000e+00
     0.572166   1.000000000e+00
     0.572223   1.000000000e+00
     0.572281   1.000000000e+00
     0.572338   1.000000000e+00
     0.572395   1.000000000e+00
     0.572452   1.000000000e+00
     0.572510   1.000000000e+00
     0.572567   1.000000000e+00
     0.572624   1.000000000e+00
     0.572681   1.000000000e+00
     0.572739   1.000000000e+00
     0.572796   1.000000000e+00
     0.572853   1.000000000e+00
     0.572910   1.000000000e+00
     0.572968   1.000000000e+00
     0.573025   1.000000000e+00
     0.573082   1.000000000e+00
     0.573140   1.000000000e+00
     0.573197   1.000000000e+00
     0.573254   1.000000000e+00
     0.573312   1.000000000e+00
     0.573369   1.000000000e+00
     0.573426   1.000000000e+00
     0.573484   1.000000000e+00
     0.573541   1.000000000e+00
     0.573598   1.000000000e+00
     0.573656   1.000000000e+00
     0.573713   1.000000000e+00
     0.573770   1.000000000e+00
     0.573828   1.000000000e+00
     0.573885   1.000000000e+00
     0.573943   1.000000000e+00
     0.574000   1.000000000e+00
     0.574057   1.000000000e+00
     0.574115   1.000000000e+00
     0.574172   1.000000000e+00
     0.574230   1.000000000e+00
     0.574287   1.000000000e+00
     0.574344   1.000000000e+00
     0.574402   1.000000000e+00
     0.574459   1.000000000e+00
     0.574517   1.000000000e+00
     0.574574   1.000000000e+00
     0.574632   1.000000000e+00
     0.574689   1.000000000e+00
     0.574747   1.000000000e+00
     0.574804   1.000000000e+00
     0.574862   1.000000000e+00
     0.574919   1.000000000e+00
     0.574977   1.000000000e+00
     0.575034   1.000000000e+00
     0.575092   1.000000000e+00
     0.575149   1.000000000e+00
     0.575207   1.000000000e+00
     0.575264   1.000000000e+00
     0.575322   1.000000000e+00
     0.575379   1.000000000e+00
     0.575437   1.000000000e+00
     0.575494   1.000000000e+00
     0.575552   1.000000000e+00
     0.575609   1.000000000e+00
     0.575667   1.000000000e+00
     0.575725   1.000000000e+00
     0.575782   1.000000000e+00
     0.575840   1.000000000e+00
     0.575897   1.000000000e+00
     0.575955   1.000000000e+00
     0.576013   1.000000000e+00
     0.576070   1.000000000e+00
     0.576128   1.000000000e+00
     0.576185   1.000000000e+00
     0.576243   1.000000000e+00
     0.576301   1.000000000e+00
     0.576358   1.000000000e+00
     0.576416   1.000000000e+00
     0.576474   1.000000000e+00
     0.576531   1.000000000e+00
     0.576589   1.000000000e+00
     0.576646   1.000000000e+00
     0.576704   1.000000000e+00
     0.576762   1.000000000e+00
     0.576819   1.000000000e+00
     0.576877   1.000000000e+00
     0.576935   1.000000000e+00
     0.576993   1.000000000e+00
     0.577050   0.000000000e+00
     0.577108   0.000000000e+00
     0.577166   0.000000000e+00
     0.577223   0.000000000e+00
     0.577281   0.000000000e+00
     0.577339   0.000000000e+00
     0.577397   0.000000000e+00
     0.577454   0.000000000e+00
     0.577512   0.000000000e+00
     0.577570   0.000000000e+00
     0.577628   0.000000000e+00
     0.577685   0.000000000e+00
     0.577743   0.000000000e+00
     0.577801   0.000000000e+00
     0.577859   0.000000000e+00
     0.577916   0.000000000e+00
     0.577974   0.000000000e+00
     0.578032   0.000000000e+00
     0.578090   0.000000000e+00
     0.578148   0.000000000e+00
     0.578206   0.000000000e+00
     0.578263   0.000000000e+00
     0.578321   0.000000000e+00
     0.578379   0.000000000e+00
     0.578437   0.000000000e+00
     0.578495   0.000000000e+00
     0.578553   0.000000000e+00
     0.578610   0.000000000e+00
     0.578668   0.000000000e+00
     0.578726   0.000000000e+00
     0.578784   0.000000000e+00
     0.578842   0.000000000e+00
     0.578900   0.000000000e+00
     0.578958   0.000000000e+00
     0.579016   0.000000000e+00
     0.579073   0.000000000e+00
     0.579131   0.000000000e+00
     0.579189   0.000000000e+00
     0.579247   0.000000000e+00
     0.579305   0.000000000e+00
     0.579363   0.000000000e+00
     0.579421   0.000000000e+00
