#  Wavelength      transmission
#          um          unitless
     0.398240   0.000000000e+00
     0.398280   0.000000000e+00
     0.398320   0.000000000e+00
     0.398360   0.000000000e+00
     0.398400   0.000000000e+00
     0.398439   0.000000000e+00
     0.398479   0.000000000e+00
     0.398519   0.000000000e+00
     0.398559   0.000000000e+00
     0.398599   0.000000000e+00
     0.398639   0.000000000e+00
     0.398679   0.000000000e+00
     0.398718   0.000000000e+00
     0.398758   0.000000000e+00
     0.398798   0.000000000e+00
     0.398838   0.000000000e+00
     0.398878   0.000000000e+00
     0.398918   0.000000000e+00
     0.398958   0.000000000e+00
     0.398998   0.000000000e+00
     0.399038   0.000000000e+00
     0.399077   0.000000000e+00
     0.399117   0.000000000e+00
     0.399157   0.000000000e+00
     0.399197   0.000000000e+00
     0.399237   0.000000000e+00
     0.399277   0.000000000e+00
     0.399317   0.000000000e+00
     0.399357   0.000000000e+00
     0.399397   0.000000000e+00
     0.399437   0.000000000e+00
     0.399477   0.000000000e+00
     0.399517   0.000000000e+00
     0.399557   0.000000000e+00
     0.399597   0.000000000e+00
     0.399637   0.000000000e+00
     0.399676   0.000000000e+00
     0.399716   0.000000000e+00
     0.399756   0.000000000e+00
     0.399796   0.000000000e+00
     0.399836   0.000000000e+00
     0.399876   0.000000000e+00
     0.399916   0.000000000e+00
     0.399956   0.000000000e+00
     0.399996   0.000000000e+00
     0.400036   0.000000000e+00
     0.400076   0.000000000e+00
     0.400116   0.000000000e+00
     0.400156   0.000000000e+00
     0.400196   0.000000000e+00
     0.400236   0.000000000e+00
     0.400276   0.000000000e+00
     0.400316   0.000000000e+00
     0.400357   0.000000000e+00
     0.400397   0.000000000e+00
     0.400437   0.000000000e+00
     0.400477   0.000000000e+00
     0.400517   0.000000000e+00
     0.400557   0.000000000e+00
     0.400597   0.000000000e+00
     0.400637   0.000000000e+00
     0.400677   0.000000000e+00
     0.400717   0.000000000e+00
     0.400757   0.000000000e+00
     0.400797   0.000000000e+00
     0.400837   0.000000000e+00
     0.400877   0.000000000e+00
     0.400917   0.000000000e+00
     0.400957   0.000000000e+00
     0.400998   0.000000000e+00
     0.401038   1.000000000e+00
     0.401078   1.000000000e+00
     0.401118   1.000000000e+00
     0.401158   1.000000000e+00
     0.401198   1.000000000e+00
     0.401238   1.000000000e+00
     0.401278   1.000000000e+00
     0.401319   1.000000000e+00
     0.401359   1.000000000e+00
     0.401399   1.000000000e+00
     0.401439   1.000000000e+00
     0.401479   1.000000000e+00
     0.401519   1.000000000e+00
     0.401559   1.000000000e+00
     0.401600   1.000000000e+00
     0.401640   1.000000000e+00
     0.401680   1.000000000e+00
     0.401720   1.000000000e+00
     0.401760   1.000000000e+00
     0.401800   1.000000000e+00
     0.401841   1.000000000e+00
     0.401881   1.000000000e+00
     0.401921   1.000000000e+00
     0.401961   1.000000000e+00
     0.402001   1.000000000e+00
     0.402042   1.000000000e+00
     0.402082   1.000000000e+00
     0.402122   1.000000000e+00
     0.402162   1.000000000e+00
     0.402202   1.000000000e+00
     0.402243   1.000000000e+00
     0.402283   1.000000000e+00
     0.402323   1.000000000e+00
     0.402363   1.000000000e+00
     0.402404   1.000000000e+00
     0.402444   1.000000000e+00
     0.402484   1.000000000e+00
     0.402524   1.000000000e+00
     0.402565   1.000000000e+00
     0.402605   1.000000000e+00
     0.402645   1.000000000e+00
     0.402685   1.000000000e+00
     0.402726   1.000000000e+00
     0.402766   1.000000000e+00
     0.402806   1.000000000e+00
     0.402846   1.000000000e+00
     0.402887   1.000000000e+00
     0.402927   1.000000000e+00
     0.402967   1.000000000e+00
     0.403008   1.000000000e+00
     0.403048   1.000000000e+00
     0.403088   1.000000000e+00
     0.403129   1.000000000e+00
     0.403169   1.000000000e+00
     0.403209   1.000000000e+00
     0.403249   1.000000000e+00
     0.403290   1.000000000e+00
     0.403330   1.000000000e+00
     0.403370   1.000000000e+00
     0.403411   1.000000000e+00
     0.403451   1.000000000e+00
     0.403491   1.000000000e+00
     0.403532   1.000000000e+00
     0.403572   1.000000000e+00
     0.403613   1.000000000e+00
     0.403653   1.000000000e+00
     0.403693   1.000000000e+00
     0.403734   1.000000000e+00
     0.403774   1.000000000e+00
     0.403814   1.000000000e+00
     0.403855   1.000000000e+00
     0.403895   1.000000000e+00
     0.403936   1.000000000e+00
     0.403976   1.000000000e+00
     0.404016   1.000000000e+00
     0.404057   1.000000000e+00
     0.404097   1.000000000e+00
     0.404138   1.000000000e+00
     0.404178   1.000000000e+00
     0.404218   1.000000000e+00
     0.404259   1.000000000e+00
     0.404299   1.000000000e+00
     0.404340   1.000000000e+00
     0.404380   1.000000000e+00
     0.404421   1.000000000e+00
     0.404461   1.000000000e+00
     0.404501   1.000000000e+00
     0.404542   1.000000000e+00
     0.404582   1.000000000e+00
     0.404623   1.000000000e+00
     0.404663   1.000000000e+00
     0.404704   1.000000000e+00
     0.404744   1.000000000e+00
     0.404785   1.000000000e+00
     0.404825   1.000000000e+00
     0.404866   1.000000000e+00
     0.404906   1.000000000e+00
     0.404947   1.000000000e+00
     0.404987   1.000000000e+00
     0.405028   1.000000000e+00
     0.405068   1.000000000e+00
     0.405109   1.000000000e+00
     0.405149   1.000000000e+00
     0.405190   1.000000000e+00
     0.405230   1.000000000e+00
     0.405271   1.000000000e+00
     0.405311   1.000000000e+00
     0.405352   1.000000000e+00
     0.405392   1.000000000e+00
     0.405433   1.000000000e+00
     0.405473   1.000000000e+00
     0.405514   1.000000000e+00
     0.405555   1.000000000e+00
     0.405595   1.000000000e+00
     0.405636   1.000000000e+00
     0.405676   1.000000000e+00
     0.405717   1.000000000e+00
     0.405757   1.000000000e+00
     0.405798   1.000000000e+00
     0.405839   1.000000000e+00
     0.405879   1.000000000e+00
     0.405920   1.000000000e+00
     0.405960   1.000000000e+00
     0.406001   1.000000000e+00
     0.406042   1.000000000e+00
     0.406082   1.000000000e+00
     0.406123   1.000000000e+00
     0.406163   1.000000000e+00
     0.406204   1.000000000e+00
     0.406245   1.000000000e+00
     0.406285   1.000000000e+00
     0.406326   1.000000000e+00
     0.406366   1.000000000e+00
     0.406407   1.000000000e+00
     0.406448   1.000000000e+00
     0.406488   1.000000000e+00
     0.406529   1.000000000e+00
     0.406570   1.000000000e+00
     0.406610   1.000000000e+00
     0.406651   1.000000000e+00
     0.406692   1.000000000e+00
     0.406732   1.000000000e+00
     0.406773   1.000000000e+00
     0.406814   1.000000000e+00
     0.406854   1.000000000e+00
     0.406895   1.000000000e+00
     0.406936   1.000000000e+00
     0.406976   1.000000000e+00
     0.407017   1.000000000e+00
     0.407058   1.000000000e+00
     0.407099   1.000000000e+00
     0.407139   1.000000000e+00
     0.407180   1.000000000e+00
     0.407221   1.000000000e+00
     0.407261   1.000000000e+00
     0.407302   1.000000000e+00
     0.407343   1.000000000e+00
     0.407384   1.000000000e+00
     0.407424   1.000000000e+00
     0.407465   1.000000000e+00
     0.407506   1.000000000e+00
     0.407547   1.000000000e+00
     0.407587   1.000000000e+00
     0.407628   1.000000000e+00
     0.407669   1.000000000e+00
     0.407710   1.000000000e+00
     0.407750   1.000000000e+00
     0.407791   1.000000000e+00
     0.407832   1.000000000e+00
     0.407873   1.000000000e+00
     0.407914   1.000000000e+00
     0.407954   1.000000000e+00
     0.407995   1.000000000e+00
     0.408036   1.000000000e+00
     0.408077   1.000000000e+00
     0.408118   1.000000000e+00
     0.408158   1.000000000e+00
     0.408199   1.000000000e+00
     0.408240   1.000000000e+00
     0.408281   1.000000000e+00
     0.408322   1.000000000e+00
     0.408363   1.000000000e+00
     0.408403   1.000000000e+00
     0.408444   1.000000000e+00
     0.408485   1.000000000e+00
     0.408526   1.000000000e+00
     0.408567   1.000000000e+00
     0.408608   1.000000000e+00
     0.408649   1.000000000e+00
     0.408689   1.000000000e+00
     0.408730   1.000000000e+00
     0.408771   1.000000000e+00
     0.408812   1.000000000e+00
     0.408853   1.000000000e+00
     0.408894   1.000000000e+00
     0.408935   1.000000000e+00
     0.408976   1.000000000e+00
     0.409016   1.000000000e+00
     0.409057   1.000000000e+00
     0.409098   1.000000000e+00
     0.409139   1.000000000e+00
     0.409180   1.000000000e+00
     0.409221   1.000000000e+00
     0.409262   1.000000000e+00
     0.409303   1.000000000e+00
     0.409344   1.000000000e+00
     0.409385   1.000000000e+00
     0.409426   1.000000000e+00
     0.409467   1.000000000e+00
     0.409508   1.000000000e+00
     0.409549   1.000000000e+00
     0.409589   1.000000000e+00
     0.409630   1.000000000e+00
     0.409671   1.000000000e+00
     0.409712   1.000000000e+00
     0.409753   1.000000000e+00
     0.409794   1.000000000e+00
     0.409835   1.000000000e+00
     0.409876   1.000000000e+00
     0.409917   1.000000000e+00
     0.409958   1.000000000e+00
     0.409999   1.000000000e+00
     0.410040   1.000000000e+00
     0.410081   1.000000000e+00
     0.410122   1.000000000e+00
     0.410163   1.000000000e+00
     0.410204   1.000000000e+00
     0.410245   1.000000000e+00
     0.410286   1.000000000e+00
     0.410327   1.000000000e+00
     0.410368   1.000000000e+00
     0.410409   1.000000000e+00
     0.410451   1.000000000e+00
     0.410492   1.000000000e+00
     0.410533   1.000000000e+00
     0.410574   1.000000000e+00
     0.410615   1.000000000e+00
     0.410656   1.000000000e+00
     0.410697   1.000000000e+00
     0.410738   1.000000000e+00
     0.410779   1.000000000e+00
     0.410820   1.000000000e+00
     0.410861   1.000000000e+00
     0.410902   1.000000000e+00
     0.410943   1.000000000e+00
     0.410984   1.000000000e+00
     0.411026   1.000000000e+00
     0.411067   1.000000000e+00
     0.411108   1.000000000e+00
     0.411149   1.000000000e+00
     0.411190   1.000000000e+00
     0.411231   1.000000000e+00
     0.411272   1.000000000e+00
     0.411313   1.000000000e+00
     0.411355   1.000000000e+00
     0.411396   1.000000000e+00
     0.411437   1.000000000e+00
     0.411478   1.000000000e+00
     0.411519   1.000000000e+00
     0.411560   1.000000000e+00
     0.411601   1.000000000e+00
     0.411643   1.000000000e+00
     0.411684   1.000000000e+00
     0.411725   1.000000000e+00
     0.411766   1.000000000e+00
     0.411807   1.000000000e+00
     0.411848   1.000000000e+00
     0.411890   1.000000000e+00
     0.411931   1.000000000e+00
     0.411972   1.000000000e+00
     0.412013   1.000000000e+00
     0.412054   1.000000000e+00
     0.412096   1.000000000e+00
     0.412137   1.000000000e+00
     0.412178   1.000000000e+00
     0.412219   1.000000000e+00
     0.412260   1.000000000e+00
     0.412302   1.000000000e+00
     0.412343   1.000000000e+00
     0.412384   1.000000000e+00
     0.412425   1.000000000e+00
     0.412467   1.000000000e+00
     0.412508   1.000000000e+00
     0.412549   1.000000000e+00
     0.412590   1.000000000e+00
     0.412632   1.000000000e+00
     0.412673   1.000000000e+00
     0.412714   1.000000000e+00
     0.412755   1.000000000e+00
     0.412797   1.000000000e+00
     0.412838   1.000000000e+00
     0.412879   1.000000000e+00
     0.412921   1.000000000e+00
     0.412962   1.000000000e+00
     0.413003   1.000000000e+00
     0.413045   1.000000000e+00
     0.413086   1.000000000e+00
     0.413127   1.000000000e+00
     0.413168   1.000000000e+00
     0.413210   1.000000000e+00
     0.413251   1.000000000e+00
     0.413292   1.000000000e+00
     0.413334   1.000000000e+00
     0.413375   1.000000000e+00
     0.413416   1.000000000e+00
     0.413458   1.000000000e+00
     0.413499   1.000000000e+00
     0.413540   1.000000000e+00
     0.413582   1.000000000e+00
     0.413623   1.000000000e+00
     0.413665   1.000000000e+00
     0.413706   1.000000000e+00
     0.413747   1.000000000e+00
     0.413789   1.000000000e+00
     0.413830   1.000000000e+00
     0.413871   1.000000000e+00
     0.413913   1.000000000e+00
     0.413954   1.000000000e+00
     0.413996   1.000000000e+00
     0.414037   1.000000000e+00
     0.414078   1.000000000e+00
     0.414120   1.000000000e+00
     0.414161   1.000000000e+00
     0.414203   1.000000000e+00
     0.414244   1.000000000e+00
     0.414286   1.000000000e+00
     0.414327   1.000000000e+00
     0.414368   1.000000000e+00
     0.414410   1.000000000e+00
     0.414451   1.000000000e+00
     0.414493   1.000000000e+00
     0.414534   1.000000000e+00
     0.414576   1.000000000e+00
     0.414617   1.000000000e+00
     0.414659   1.000000000e+00
     0.414700   1.000000000e+00
     0.414741   1.000000000e+00
     0.414783   1.000000000e+00
     0.414824   1.000000000e+00
     0.414866   1.000000000e+00
     0.414907   1.000000000e+00
     0.414949   1.000000000e+00
     0.414990   1.000000000e+00
     0.415032   1.000000000e+00
     0.415073   1.000000000e+00
     0.415115   1.000000000e+00
     0.415156   1.000000000e+00
     0.415198   1.000000000e+00
     0.415239   1.000000000e+00
     0.415281   1.000000000e+00
     0.415323   1.000000000e+00
     0.415364   1.000000000e+00
     0.415406   1.000000000e+00
     0.415447   1.000000000e+00
     0.415489   1.000000000e+00
     0.415530   1.000000000e+00
     0.415572   1.000000000e+00
     0.415613   1.000000000e+00
     0.415655   1.000000000e+00
     0.415696   1.000000000e+00
     0.415738   1.000000000e+00
     0.415780   1.000000000e+00
     0.415821   1.000000000e+00
     0.415863   1.000000000e+00
     0.415904   1.000000000e+00
     0.415946   1.000000000e+00
     0.415988   1.000000000e+00
     0.416029   1.000000000e+00
     0.416071   1.000000000e+00
     0.416112   1.000000000e+00
     0.416154   1.000000000e+00
     0.416196   1.000000000e+00
     0.416237   1.000000000e+00
     0.416279   1.000000000e+00
     0.416321   1.000000000e+00
     0.416362   1.000000000e+00
     0.416404   1.000000000e+00
     0.416445   1.000000000e+00
     0.416487   1.000000000e+00
     0.416529   1.000000000e+00
     0.416570   1.000000000e+00
     0.416612   1.000000000e+00
     0.416654   1.000000000e+00
     0.416695   1.000000000e+00
     0.416737   1.000000000e+00
     0.416779   1.000000000e+00
     0.416820   1.000000000e+00
     0.416862   1.000000000e+00
     0.416904   1.000000000e+00
     0.416945   1.000000000e+00
     0.416987   1.000000000e+00
     0.417029   1.000000000e+00
     0.417071   1.000000000e+00
     0.417112   1.000000000e+00
     0.417154   1.000000000e+00
     0.417196   1.000000000e+00
     0.417237   1.000000000e+00
     0.417279   1.000000000e+00
     0.417321   1.000000000e+00
     0.417363   1.000000000e+00
     0.417404   1.000000000e+00
     0.417446   1.000000000e+00
     0.417488   1.000000000e+00
     0.417530   1.000000000e+00
     0.417571   1.000000000e+00
     0.417613   1.000000000e+00
     0.417655   1.000000000e+00
     0.417697   1.000000000e+00
     0.417738   1.000000000e+00
     0.417780   1.000000000e+00
     0.417822   1.000000000e+00
     0.417864   1.000000000e+00
     0.417906   1.000000000e+00
     0.417947   1.000000000e+00
     0.417989   1.000000000e+00
     0.418031   1.000000000e+00
     0.418073   1.000000000e+00
     0.418115   1.000000000e+00
     0.418156   1.000000000e+00
     0.418198   1.000000000e+00
     0.418240   1.000000000e+00
     0.418282   1.000000000e+00
     0.418324   1.000000000e+00
     0.418365   1.000000000e+00
     0.418407   1.000000000e+00
     0.418449   1.000000000e+00
     0.418491   1.000000000e+00
     0.418533   1.000000000e+00
     0.418575   1.000000000e+00
     0.418617   1.000000000e+00
     0.418658   1.000000000e+00
     0.418700   1.000000000e+00
     0.418742   1.000000000e+00
     0.418784   1.000000000e+00
     0.418826   1.000000000e+00
     0.418868   1.000000000e+00
     0.418910   1.000000000e+00
     0.418952   1.000000000e+00
     0.418993   1.000000000e+00
     0.419035   1.000000000e+00
     0.419077   1.000000000e+00
     0.419119   1.000000000e+00
     0.419161   1.000000000e+00
     0.419203   1.000000000e+00
     0.419245   1.000000000e+00
     0.419287   1.000000000e+00
     0.419329   1.000000000e+00
     0.419371   1.000000000e+00
     0.419413   1.000000000e+00
     0.419455   1.000000000e+00
     0.419497   1.000000000e+00
     0.419539   1.000000000e+00
     0.419580   1.000000000e+00
     0.419622   1.000000000e+00
     0.419664   1.000000000e+00
     0.419706   1.000000000e+00
     0.419748   1.000000000e+00
     0.419790   1.000000000e+00
     0.419832   1.000000000e+00
     0.419874   1.000000000e+00
     0.419916   1.000000000e+00
     0.419958   1.000000000e+00
     0.420000   1.000000000e+00
     0.420042   1.000000000e+00
     0.420084   1.000000000e+00
     0.420126   1.000000000e+00
     0.420168   1.000000000e+00
     0.420210   1.000000000e+00
     0.420252   1.000000000e+00
     0.420294   1.000000000e+00
     0.420336   1.000000000e+00
     0.420378   1.000000000e+00
     0.420420   1.000000000e+00
     0.420463   1.000000000e+00
     0.420505   1.000000000e+00
     0.420547   1.000000000e+00
     0.420589   1.000000000e+00
     0.420631   1.000000000e+00
     0.420673   1.000000000e+00
     0.420715   1.000000000e+00
     0.420757   1.000000000e+00
     0.420799   1.000000000e+00
     0.420841   1.000000000e+00
     0.420883   1.000000000e+00
     0.420925   1.000000000e+00
     0.420967   1.000000000e+00
     0.421010   1.000000000e+00
     0.421052   1.000000000e+00
     0.421094   1.000000000e+00
     0.421136   1.000000000e+00
     0.421178   1.000000000e+00
     0.421220   1.000000000e+00
     0.421262   1.000000000e+00
     0.421304   1.000000000e+00
     0.421346   1.000000000e+00
     0.421389   1.000000000e+00
     0.421431   1.000000000e+00
     0.421473   1.000000000e+00
     0.421515   1.000000000e+00
     0.421557   1.000000000e+00
     0.421599   1.000000000e+00
     0.421641   1.000000000e+00
     0.421684   1.000000000e+00
     0.421726   1.000000000e+00
     0.421768   1.000000000e+00
     0.421810   1.000000000e+00
     0.421852   1.000000000e+00
     0.421895   1.000000000e+00
     0.421937   1.000000000e+00
     0.421979   1.000000000e+00
     0.422021   1.000000000e+00
     0.422063   1.000000000e+00
     0.422106   1.000000000e+00
     0.422148   1.000000000e+00
     0.422190   1.000000000e+00
     0.422232   1.000000000e+00
     0.422274   1.000000000e+00
     0.422317   1.000000000e+00
     0.422359   1.000000000e+00
     0.422401   1.000000000e+00
     0.422443   1.000000000e+00
     0.422486   1.000000000e+00
     0.422528   1.000000000e+00
     0.422570   1.000000000e+00
     0.422612   1.000000000e+00
     0.422655   1.000000000e+00
     0.422697   1.000000000e+00
     0.422739   1.000000000e+00
     0.422781   1.000000000e+00
     0.422824   1.000000000e+00
     0.422866   1.000000000e+00
     0.422908   1.000000000e+00
     0.422951   1.000000000e+00
     0.422993   1.000000000e+00
     0.423035   1.000000000e+00
     0.423078   1.000000000e+00
     0.423120   1.000000000e+00
     0.423162   1.000000000e+00
     0.423204   1.000000000e+00
     0.423247   1.000000000e+00
     0.423289   1.000000000e+00
     0.423331   1.000000000e+00
     0.423374   1.000000000e+00
     0.423416   1.000000000e+00
     0.423458   1.000000000e+00
     0.423501   1.000000000e+00
     0.423543   1.000000000e+00
     0.423586   1.000000000e+00
     0.423628   1.000000000e+00
     0.423670   1.000000000e+00
     0.423713   1.000000000e+00
     0.423755   1.000000000e+00
     0.423797   1.000000000e+00
     0.423840   1.000000000e+00
     0.423882   1.000000000e+00
     0.423925   1.000000000e+00
     0.423967   1.000000000e+00
     0.424009   1.000000000e+00
     0.424052   1.000000000e+00
     0.424094   1.000000000e+00
     0.424137   1.000000000e+00
     0.424179   1.000000000e+00
     0.424221   1.000000000e+00
     0.424264   1.000000000e+00
     0.424306   1.000000000e+00
     0.424349   1.000000000e+00
     0.424391   1.000000000e+00
     0.424434   1.000000000e+00
     0.424476   1.000000000e+00
     0.424518   1.000000000e+00
     0.424561   1.000000000e+00
     0.424603   1.000000000e+00
     0.424646   1.000000000e+00
     0.424688   1.000000000e+00
     0.424731   1.000000000e+00
     0.424773   1.000000000e+00
     0.424816   1.000000000e+00
     0.424858   1.000000000e+00
     0.424901   1.000000000e+00
     0.424943   1.000000000e+00
     0.424986   1.000000000e+00
     0.425028   1.000000000e+00
     0.425071   1.000000000e+00
     0.425113   1.000000000e+00
     0.425156   1.000000000e+00
     0.425198   1.000000000e+00
     0.425241   1.000000000e+00
     0.425283   1.000000000e+00
     0.425326   1.000000000e+00
     0.425368   1.000000000e+00
     0.425411   1.000000000e+00
     0.425453   1.000000000e+00
     0.425496   1.000000000e+00
     0.425538   1.000000000e+00
     0.425581   1.000000000e+00
     0.425624   1.000000000e+00
     0.425666   1.000000000e+00
     0.425709   1.000000000e+00
     0.425751   1.000000000e+00
     0.425794   1.000000000e+00
     0.425836   1.000000000e+00
     0.425879   1.000000000e+00
     0.425922   1.000000000e+00
     0.425964   1.000000000e+00
     0.426007   1.000000000e+00
     0.426049   1.000000000e+00
     0.426092   1.000000000e+00
     0.426135   1.000000000e+00
     0.426177   1.000000000e+00
     0.426220   1.000000000e+00
     0.426263   1.000000000e+00
     0.426305   1.000000000e+00
     0.426348   1.000000000e+00
     0.426390   1.000000000e+00
     0.426433   1.000000000e+00
     0.426476   1.000000000e+00
     0.426518   1.000000000e+00
     0.426561   1.000000000e+00
     0.426604   1.000000000e+00
     0.426646   1.000000000e+00
     0.426689   1.000000000e+00
     0.426732   1.000000000e+00
     0.426774   1.000000000e+00
     0.426817   1.000000000e+00
     0.426860   1.000000000e+00
     0.426902   1.000000000e+00
     0.426945   1.000000000e+00
     0.426988   1.000000000e+00
     0.427030   1.000000000e+00
     0.427073   1.000000000e+00
     0.427116   1.000000000e+00
     0.427159   1.000000000e+00
     0.427201   1.000000000e+00
     0.427244   1.000000000e+00
     0.427287   1.000000000e+00
     0.427330   1.000000000e+00
     0.427372   1.000000000e+00
     0.427415   1.000000000e+00
     0.427458   1.000000000e+00
     0.427500   1.000000000e+00
     0.427543   1.000000000e+00
     0.427586   1.000000000e+00
     0.427629   1.000000000e+00
     0.427672   1.000000000e+00
     0.427714   1.000000000e+00
     0.427757   1.000000000e+00
     0.427800   1.000000000e+00
     0.427843   1.000000000e+00
     0.427885   1.000000000e+00
     0.427928   1.000000000e+00
     0.427971   1.000000000e+00
     0.428014   1.000000000e+00
     0.428057   1.000000000e+00
     0.428099   1.000000000e+00
     0.428142   1.000000000e+00
     0.428185   1.000000000e+00
     0.428228   1.000000000e+00
     0.428271   1.000000000e+00
     0.428313   1.000000000e+00
     0.428356   1.000000000e+00
     0.428399   1.000000000e+00
     0.428442   1.000000000e+00
     0.428485   1.000000000e+00
     0.428528   1.000000000e+00
     0.428571   1.000000000e+00
     0.428613   1.000000000e+00
     0.428656   1.000000000e+00
     0.428699   1.000000000e+00
     0.428742   1.000000000e+00
     0.428785   1.000000000e+00
     0.428828   1.000000000e+00
     0.428871   1.000000000e+00
     0.428914   1.000000000e+00
     0.428956   1.000000000e+00
     0.428999   1.000000000e+00
     0.429042   1.000000000e+00
     0.429085   1.000000000e+00
     0.429128   1.000000000e+00
     0.429171   1.000000000e+00
     0.429214   1.000000000e+00
     0.429257   1.000000000e+00
     0.429300   1.000000000e+00
     0.429343   1.000000000e+00
     0.429386   1.000000000e+00
     0.429429   1.000000000e+00
     0.429472   1.000000000e+00
     0.429514   1.000000000e+00
     0.429557   1.000000000e+00
     0.429600   1.000000000e+00
     0.429643   1.000000000e+00
     0.429686   1.000000000e+00
     0.429729   1.000000000e+00
     0.429772   1.000000000e+00
     0.429815   1.000000000e+00
     0.429858   1.000000000e+00
     0.429901   1.000000000e+00
     0.429944   1.000000000e+00
     0.429987   1.000000000e+00
     0.430030   1.000000000e+00
     0.430073   1.000000000e+00
     0.430116   1.000000000e+00
     0.430159   1.000000000e+00
     0.430202   1.000000000e+00
     0.430245   1.000000000e+00
     0.430288   1.000000000e+00
     0.430331   1.000000000e+00
     0.430374   1.000000000e+00
     0.430417   1.000000000e+00
     0.430460   1.000000000e+00
     0.430503   1.000000000e+00
     0.430547   1.000000000e+00
     0.430590   1.000000000e+00
     0.430633   1.000000000e+00
     0.430676   1.000000000e+00
     0.430719   1.000000000e+00
     0.430762   1.000000000e+00
     0.430805   1.000000000e+00
     0.430848   1.000000000e+00
     0.430891   1.000000000e+00
     0.430934   1.000000000e+00
     0.430977   1.000000000e+00
     0.431020   1.000000000e+00
     0.431063   1.000000000e+00
     0.431107   1.000000000e+00
     0.431150   1.000000000e+00
     0.431193   1.000000000e+00
     0.431236   1.000000000e+00
     0.431279   1.000000000e+00
     0.431322   1.000000000e+00
     0.431365   1.000000000e+00
     0.431408   1.000000000e+00
     0.431452   1.000000000e+00
     0.431495   1.000000000e+00
     0.431538   1.000000000e+00
     0.431581   1.000000000e+00
     0.431624   1.000000000e+00
     0.431667   1.000000000e+00
     0.431711   1.000000000e+00
     0.431754   1.000000000e+00
     0.431797   1.000000000e+00
     0.431840   1.000000000e+00
     0.431883   1.000000000e+00
     0.431926   1.000000000e+00
     0.431970   1.000000000e+00
     0.432013   1.000000000e+00
     0.432056   1.000000000e+00
     0.432099   1.000000000e+00
     0.432143   1.000000000e+00
     0.432186   1.000000000e+00
     0.432229   1.000000000e+00
     0.432272   1.000000000e+00
     0.432315   1.000000000e+00
     0.432359   1.000000000e+00
     0.432402   1.000000000e+00
     0.432445   1.000000000e+00
     0.432488   1.000000000e+00
     0.432532   1.000000000e+00
     0.432575   1.000000000e+00
     0.432618   1.000000000e+00
     0.432661   1.000000000e+00
     0.432705   1.000000000e+00
     0.432748   1.000000000e+00
     0.432791   1.000000000e+00
     0.432834   1.000000000e+00
     0.432878   1.000000000e+00
     0.432921   1.000000000e+00
     0.432964   1.000000000e+00
     0.433008   1.000000000e+00
     0.433051   1.000000000e+00
     0.433094   1.000000000e+00
     0.433138   1.000000000e+00
     0.433181   1.000000000e+00
     0.433224   1.000000000e+00
     0.433268   1.000000000e+00
     0.433311   1.000000000e+00
     0.433354   1.000000000e+00
     0.433398   1.000000000e+00
     0.433441   1.000000000e+00
     0.433484   1.000000000e+00
     0.433528   1.000000000e+00
     0.433571   1.000000000e+00
     0.433614   1.000000000e+00
     0.433658   1.000000000e+00
     0.433701   1.000000000e+00
     0.433744   1.000000000e+00
     0.433788   1.000000000e+00
     0.433831   1.000000000e+00
     0.433875   1.000000000e+00
     0.433918   1.000000000e+00
     0.433961   1.000000000e+00
     0.434005   1.000000000e+00
     0.434048   1.000000000e+00
     0.434092   1.000000000e+00
     0.434135   1.000000000e+00
     0.434178   1.000000000e+00
     0.434222   1.000000000e+00
     0.434265   1.000000000e+00
     0.434309   1.000000000e+00
     0.434352   1.000000000e+00
     0.434395   1.000000000e+00
     0.434439   1.000000000e+00
     0.434482   1.000000000e+00
     0.434526   1.000000000e+00
     0.434569   1.000000000e+00
     0.434613   1.000000000e+00
     0.434656   1.000000000e+00
     0.434700   1.000000000e+00
     0.434743   1.000000000e+00
     0.434787   1.000000000e+00
     0.434830   1.000000000e+00
     0.434874   1.000000000e+00
     0.434917   1.000000000e+00
     0.434961   1.000000000e+00
     0.435004   1.000000000e+00
     0.435048   1.000000000e+00
     0.435091   1.000000000e+00
     0.435135   1.000000000e+00
     0.435178   1.000000000e+00
     0.435222   1.000000000e+00
     0.435265   1.000000000e+00
     0.435309   1.000000000e+00
     0.435352   1.000000000e+00
     0.435396   1.000000000e+00
     0.435439   1.000000000e+00
     0.435483   1.000000000e+00
     0.435526   1.000000000e+00
     0.435570   1.000000000e+00
     0.435614   1.000000000e+00
     0.435657   1.000000000e+00
     0.435701   1.000000000e+00
     0.435744   1.000000000e+00
     0.435788   1.000000000e+00
     0.435831   1.000000000e+00
     0.435875   1.000000000e+00
     0.435919   1.000000000e+00
     0.435962   1.000000000e+00
     0.436006   1.000000000e+00
     0.436049   1.000000000e+00
     0.436093   1.000000000e+00
     0.436137   1.000000000e+00
     0.436180   1.000000000e+00
     0.436224   1.000000000e+00
     0.436267   1.000000000e+00
     0.436311   1.000000000e+00
     0.436355   1.000000000e+00
     0.436398   1.000000000e+00
     0.436442   1.000000000e+00
     0.436486   1.000000000e+00
     0.436529   1.000000000e+00
     0.436573   1.000000000e+00
     0.436617   1.000000000e+00
     0.436660   1.000000000e+00
     0.436704   1.000000000e+00
     0.436748   1.000000000e+00
     0.436791   1.000000000e+00
     0.436835   1.000000000e+00
     0.436879   1.000000000e+00
     0.436922   1.000000000e+00
     0.436966   1.000000000e+00
     0.437010   1.000000000e+00
     0.437053   1.000000000e+00
     0.437097   1.000000000e+00
     0.437141   1.000000000e+00
     0.437185   1.000000000e+00
     0.437228   1.000000000e+00
     0.437272   1.000000000e+00
     0.437316   1.000000000e+00
     0.437359   1.000000000e+00
     0.437403   1.000000000e+00
     0.437447   1.000000000e+00
     0.437491   1.000000000e+00
     0.437534   1.000000000e+00
     0.437578   1.000000000e+00
     0.437622   1.000000000e+00
     0.437666   1.000000000e+00
     0.437709   1.000000000e+00
     0.437753   1.000000000e+00
     0.437797   1.000000000e+00
     0.437841   1.000000000e+00
     0.437885   1.000000000e+00
     0.437928   1.000000000e+00
     0.437972   1.000000000e+00
     0.438016   1.000000000e+00
     0.438060   1.000000000e+00
     0.438104   1.000000000e+00
     0.438147   1.000000000e+00
     0.438191   1.000000000e+00
     0.438235   1.000000000e+00
     0.438279   1.000000000e+00
     0.438323   1.000000000e+00
     0.438367   1.000000000e+00
     0.438410   1.000000000e+00
     0.438454   1.000000000e+00
     0.438498   1.000000000e+00
     0.438542   1.000000000e+00
     0.438586   1.000000000e+00
     0.438630   1.000000000e+00
     0.438673   1.000000000e+00
     0.438717   1.000000000e+00
     0.438761   1.000000000e+00
     0.438805   1.000000000e+00
     0.438849   1.000000000e+00
     0.438893   1.000000000e+00
     0.438937   1.000000000e+00
     0.438981   1.000000000e+00
     0.439025   1.000000000e+00
     0.439068   1.000000000e+00
     0.439112   1.000000000e+00
     0.439156   1.000000000e+00
     0.439200   1.000000000e+00
     0.439244   1.000000000e+00
     0.439288   1.000000000e+00
     0.439332   1.000000000e+00
     0.439376   1.000000000e+00
     0.439420   1.000000000e+00
     0.439464   1.000000000e+00
     0.439508   1.000000000e+00
     0.439552   1.000000000e+00
     0.439596   1.000000000e+00
     0.439640   1.000000000e+00
     0.439684   1.000000000e+00
     0.439728   1.000000000e+00
     0.439772   1.000000000e+00
     0.439816   1.000000000e+00
     0.439860   1.000000000e+00
     0.439904   1.000000000e+00
     0.439947   1.000000000e+00
     0.439991   1.000000000e+00
     0.440035   1.000000000e+00
     0.440080   1.000000000e+00
     0.440124   1.000000000e+00
     0.440168   1.000000000e+00
     0.440212   1.000000000e+00
     0.440256   1.000000000e+00
     0.440300   1.000000000e+00
     0.440344   1.000000000e+00
     0.440388   1.000000000e+00
     0.440432   1.000000000e+00
     0.440476   1.000000000e+00
     0.440520   1.000000000e+00
     0.440564   1.000000000e+00
     0.440608   1.000000000e+00
     0.440652   1.000000000e+00
     0.440696   1.000000000e+00
     0.440740   1.000000000e+00
     0.440784   1.000000000e+00
     0.440828   1.000000000e+00
     0.440872   1.000000000e+00
     0.440916   1.000000000e+00
     0.440961   1.000000000e+00
     0.441005   1.000000000e+00
     0.441049   1.000000000e+00
     0.441093   1.000000000e+00
     0.441137   1.000000000e+00
     0.441181   1.000000000e+00
     0.441225   1.000000000e+00
     0.441269   1.000000000e+00
     0.441313   1.000000000e+00
     0.441358   1.000000000e+00
     0.441402   1.000000000e+00
     0.441446   1.000000000e+00
     0.441490   1.000000000e+00
     0.441534   1.000000000e+00
     0.441578   1.000000000e+00
     0.441622   1.000000000e+00
     0.441667   1.000000000e+00
     0.441711   1.000000000e+00
     0.441755   1.000000000e+00
     0.441799   1.000000000e+00
     0.441843   1.000000000e+00
     0.441888   1.000000000e+00
     0.441932   1.000000000e+00
     0.441976   1.000000000e+00
     0.442020   1.000000000e+00
     0.442064   1.000000000e+00
     0.442109   1.000000000e+00
     0.442153   1.000000000e+00
     0.442197   1.000000000e+00
     0.442241   1.000000000e+00
     0.442285   1.000000000e+00
     0.442330   1.000000000e+00
     0.442374   1.000000000e+00
     0.442418   1.000000000e+00
     0.442462   1.000000000e+00
     0.442507   1.000000000e+00
     0.442551   1.000000000e+00
     0.442595   1.000000000e+00
     0.442639   1.000000000e+00
     0.442684   1.000000000e+00
     0.442728   1.000000000e+00
     0.442772   1.000000000e+00
     0.442816   1.000000000e+00
     0.442861   1.000000000e+00
     0.442905   1.000000000e+00
     0.442949   1.000000000e+00
     0.442994   1.000000000e+00
     0.443038   1.000000000e+00
     0.443082   1.000000000e+00
     0.443127   1.000000000e+00
     0.443171   1.000000000e+00
     0.443215   1.000000000e+00
     0.443260   1.000000000e+00
     0.443304   1.000000000e+00
     0.443348   1.000000000e+00
     0.443393   1.000000000e+00
     0.443437   1.000000000e+00
     0.443481   1.000000000e+00
     0.443526   1.000000000e+00
     0.443570   1.000000000e+00
     0.443614   1.000000000e+00
     0.443659   1.000000000e+00
     0.443703   1.000000000e+00
     0.443747   1.000000000e+00
     0.443792   1.000000000e+00
     0.443836   1.000000000e+00
     0.443881   1.000000000e+00
     0.443925   1.000000000e+00
     0.443969   1.000000000e+00
     0.444014   1.000000000e+00
     0.444058   1.000000000e+00
     0.444103   1.000000000e+00
     0.444147   1.000000000e+00
     0.444191   1.000000000e+00
     0.444236   1.000000000e+00
     0.444280   1.000000000e+00
     0.444325   1.000000000e+00
     0.444369   1.000000000e+00
     0.444413   1.000000000e+00
     0.444458   1.000000000e+00
     0.444502   1.000000000e+00
     0.444547   1.000000000e+00
     0.444591   1.000000000e+00
     0.444636   1.000000000e+00
     0.444680   1.000000000e+00
     0.444725   1.000000000e+00
     0.444769   1.000000000e+00
     0.444814   1.000000000e+00
     0.444858   1.000000000e+00
     0.444903   1.000000000e+00
     0.444947   1.000000000e+00
     0.444992   1.000000000e+00
     0.445036   1.000000000e+00
     0.445081   1.000000000e+00
     0.445125   1.000000000e+00
     0.445170   1.000000000e+00
     0.445214   1.000000000e+00
     0.445259   1.000000000e+00
     0.445303   1.000000000e+00
     0.445348   1.000000000e+00
     0.445392   1.000000000e+00
     0.445437   1.000000000e+00
     0.445481   1.000000000e+00
     0.445526   1.000000000e+00
     0.445570   1.000000000e+00
     0.445615   1.000000000e+00
     0.445660   1.000000000e+00
     0.445704   1.000000000e+00
     0.445749   1.000000000e+00
     0.445793   1.000000000e+00
     0.445838   1.000000000e+00
     0.445882   1.000000000e+00
     0.445927   1.000000000e+00
     0.445972   1.000000000e+00
     0.446016   1.000000000e+00
     0.446061   1.000000000e+00
     0.446105   1.000000000e+00
     0.446150   1.000000000e+00
     0.446195   1.000000000e+00
     0.446239   1.000000000e+00
     0.446284   1.000000000e+00
     0.446329   1.000000000e+00
     0.446373   1.000000000e+00
     0.446418   1.000000000e+00
     0.446462   1.000000000e+00
     0.446507   1.000000000e+00
     0.446552   1.000000000e+00
     0.446596   1.000000000e+00
     0.446641   1.000000000e+00
     0.446686   1.000000000e+00
     0.446730   1.000000000e+00
     0.446775   1.000000000e+00
     0.446820   1.000000000e+00
     0.446864   1.000000000e+00
     0.446909   1.000000000e+00
     0.446954   1.000000000e+00
     0.446999   1.000000000e+00
     0.447043   1.000000000e+00
     0.447088   1.000000000e+00
     0.447133   1.000000000e+00
     0.447177   1.000000000e+00
     0.447222   1.000000000e+00
     0.447267   1.000000000e+00
     0.447312   1.000000000e+00
     0.447356   1.000000000e+00
     0.447401   1.000000000e+00
     0.447446   1.000000000e+00
     0.447491   1.000000000e+00
     0.447535   1.000000000e+00
     0.447580   1.000000000e+00
     0.447625   1.000000000e+00
     0.447670   1.000000000e+00
     0.447714   1.000000000e+00
     0.447759   1.000000000e+00
     0.447804   1.000000000e+00
     0.447849   1.000000000e+00
     0.447893   1.000000000e+00
     0.447938   1.000000000e+00
     0.447983   1.000000000e+00
     0.448028   1.000000000e+00
     0.448073   1.000000000e+00
     0.448117   1.000000000e+00
     0.448162   1.000000000e+00
     0.448207   1.000000000e+00
     0.448252   1.000000000e+00
     0.448297   1.000000000e+00
     0.448342   1.000000000e+00
     0.448386   1.000000000e+00
     0.448431   1.000000000e+00
     0.448476   1.000000000e+00
     0.448521   1.000000000e+00
     0.448566   1.000000000e+00
     0.448611   1.000000000e+00
     0.448656   1.000000000e+00
     0.448700   1.000000000e+00
     0.448745   1.000000000e+00
     0.448790   1.000000000e+00
     0.448835   1.000000000e+00
     0.448880   1.000000000e+00
     0.448925   1.000000000e+00
     0.448970   1.000000000e+00
     0.449015   1.000000000e+00
     0.449060   1.000000000e+00
     0.449104   1.000000000e+00
     0.449149   1.000000000e+00
     0.449194   1.000000000e+00
     0.449239   1.000000000e+00
     0.449284   1.000000000e+00
     0.449329   1.000000000e+00
     0.449374   1.000000000e+00
     0.449419   1.000000000e+00
     0.449464   1.000000000e+00
     0.449509   1.000000000e+00
     0.449554   1.000000000e+00
     0.449599   1.000000000e+00
     0.449644   1.000000000e+00
     0.449689   1.000000000e+00
     0.449734   1.000000000e+00
     0.449779   1.000000000e+00
     0.449824   1.000000000e+00
     0.449869   1.000000000e+00
     0.449914   1.000000000e+00
     0.449959   1.000000000e+00
     0.450004   1.000000000e+00
     0.450049   1.000000000e+00
     0.450094   1.000000000e+00
     0.450139   1.000000000e+00
     0.450184   1.000000000e+00
     0.450229   1.000000000e+00
     0.450274   1.000000000e+00
     0.450319   1.000000000e+00
     0.450364   1.000000000e+00
     0.450409   1.000000000e+00
     0.450454   1.000000000e+00
     0.450499   1.000000000e+00
     0.450544   1.000000000e+00
     0.450589   1.000000000e+00
     0.450634   1.000000000e+00
     0.450679   1.000000000e+00
     0.450724   1.000000000e+00
     0.450769   1.000000000e+00
     0.450814   1.000000000e+00
     0.450859   1.000000000e+00
     0.450904   1.000000000e+00
     0.450950   1.000000000e+00
     0.450995   1.000000000e+00
     0.451040   1.000000000e+00
     0.451085   1.000000000e+00
     0.451130   1.000000000e+00
     0.451175   1.000000000e+00
     0.451220   1.000000000e+00
     0.451265   1.000000000e+00
     0.451310   1.000000000e+00
     0.451356   1.000000000e+00
     0.451401   1.000000000e+00
     0.451446   1.000000000e+00
     0.451491   1.000000000e+00
     0.451536   1.000000000e+00
     0.451581   1.000000000e+00
     0.451626   1.000000000e+00
     0.451672   1.000000000e+00
     0.451717   1.000000000e+00
     0.451762   1.000000000e+00
     0.451807   1.000000000e+00
     0.451852   1.000000000e+00
     0.451898   1.000000000e+00
     0.451943   1.000000000e+00
     0.451988   1.000000000e+00
     0.452033   1.000000000e+00
     0.452078   1.000000000e+00
     0.452124   1.000000000e+00
     0.452169   1.000000000e+00
     0.452214   1.000000000e+00
     0.452259   1.000000000e+00
     0.452304   1.000000000e+00
     0.452350   1.000000000e+00
     0.452395   1.000000000e+00
     0.452440   1.000000000e+00
     0.452485   1.000000000e+00
     0.452531   1.000000000e+00
     0.452576   1.000000000e+00
     0.452621   1.000000000e+00
     0.452666   1.000000000e+00
     0.452712   1.000000000e+00
     0.452757   1.000000000e+00
     0.452802   1.000000000e+00
     0.452847   1.000000000e+00
     0.452893   1.000000000e+00
     0.452938   1.000000000e+00
     0.452983   1.000000000e+00
     0.453029   1.000000000e+00
     0.453074   1.000000000e+00
     0.453119   1.000000000e+00
     0.453165   1.000000000e+00
     0.453210   1.000000000e+00
     0.453255   1.000000000e+00
     0.453301   1.000000000e+00
     0.453346   1.000000000e+00
     0.453391   1.000000000e+00
     0.453437   1.000000000e+00
     0.453482   1.000000000e+00
     0.453527   1.000000000e+00
     0.453573   1.000000000e+00
     0.453618   1.000000000e+00
     0.453663   1.000000000e+00
     0.453709   1.000000000e+00
     0.453754   1.000000000e+00
     0.453799   1.000000000e+00
     0.453845   1.000000000e+00
     0.453890   1.000000000e+00
     0.453936   1.000000000e+00
     0.453981   1.000000000e+00
     0.454026   1.000000000e+00
     0.454072   1.000000000e+00
     0.454117   1.000000000e+00
     0.454163   1.000000000e+00
     0.454208   1.000000000e+00
     0.454253   1.000000000e+00
     0.454299   1.000000000e+00
     0.454344   1.000000000e+00
     0.454390   1.000000000e+00
     0.454435   1.000000000e+00
     0.454481   1.000000000e+00
     0.454526   1.000000000e+00
     0.454572   1.000000000e+00
     0.454617   1.000000000e+00
     0.454663   1.000000000e+00
     0.454708   1.000000000e+00
     0.454753   1.000000000e+00
     0.454799   1.000000000e+00
     0.454844   1.000000000e+00
     0.454890   1.000000000e+00
     0.454935   1.000000000e+00
     0.454981   1.000000000e+00
     0.455026   1.000000000e+00
     0.455072   1.000000000e+00
     0.455117   1.000000000e+00
     0.455163   1.000000000e+00
     0.455208   1.000000000e+00
     0.455254   1.000000000e+00
     0.455299   1.000000000e+00
     0.455345   1.000000000e+00
     0.455391   1.000000000e+00
     0.455436   1.000000000e+00
     0.455482   1.000000000e+00
     0.455527   1.000000000e+00
     0.455573   1.000000000e+00
     0.455618   1.000000000e+00
     0.455664   1.000000000e+00
     0.455709   1.000000000e+00
     0.455755   1.000000000e+00
     0.455801   1.000000000e+00
     0.455846   1.000000000e+00
     0.455892   1.000000000e+00
     0.455937   1.000000000e+00
     0.455983   1.000000000e+00
     0.456029   0.000000000e+00
     0.456074   0.000000000e+00
     0.456120   0.000000000e+00
     0.456165   0.000000000e+00
     0.456211   0.000000000e+00
     0.456257   0.000000000e+00
     0.456302   0.000000000e+00
     0.456348   0.000000000e+00
     0.456394   0.000000000e+00
     0.456439   0.000000000e+00
     0.456485   0.000000000e+00
     0.456530   0.000000000e+00
     0.456576   0.000000000e+00
     0.456622   0.000000000e+00
     0.456667   0.000000000e+00
     0.456713   0.000000000e+00
     0.456759   0.000000000e+00
     0.456804   0.000000000e+00
     0.456850   0.000000000e+00
     0.456896   0.000000000e+00
     0.456942   0.000000000e+00
     0.456987   0.000000000e+00
     0.457033   0.000000000e+00
     0.457079   0.000000000e+00
     0.457124   0.000000000e+00
     0.457170   0.000000000e+00
     0.457216   0.000000000e+00
     0.457261   0.000000000e+00
     0.457307   0.000000000e+00
     0.457353   0.000000000e+00
     0.457399   0.000000000e+00
     0.457444   0.000000000e+00
     0.457490   0.000000000e+00
     0.457536   0.000000000e+00
     0.457582   0.000000000e+00
     0.457627   0.000000000e+00
     0.457673   0.000000000e+00
     0.457719   0.000000000e+00
     0.457765   0.000000000e+00
     0.457811   0.000000000e+00
     0.457856   0.000000000e+00
     0.457902   0.000000000e+00
     0.457948   0.000000000e+00
     0.457994   0.000000000e+00
     0.458039   0.000000000e+00
     0.458085   0.000000000e+00
     0.458131   0.000000000e+00
     0.458177   0.000000000e+00
     0.458223   0.000000000e+00
     0.458269   0.000000000e+00
     0.458314   0.000000000e+00
     0.458360   0.000000000e+00
     0.458406   0.000000000e+00
     0.458452   0.000000000e+00
     0.458498   0.000000000e+00
     0.458544   0.000000000e+00
     0.458589   0.000000000e+00
     0.458635   0.000000000e+00
     0.458681   0.000000000e+00
     0.458727   0.000000000e+00
