#  Wavelength      transmission
#          um          unitless
     0.988863   0.000000000e+00
     0.988962   0.000000000e+00
     0.989061   0.000000000e+00
     0.989160   0.000000000e+00
     0.989259   0.000000000e+00
     0.989358   0.000000000e+00
     0.989457   0.000000000e+00
     0.989556   0.000000000e+00
     0.989655   0.000000000e+00
     0.989754   0.000000000e+00
     0.989853   0.000000000e+00
     0.989952   0.000000000e+00
     0.990051   1.000000000e+00
     0.990150   1.000000000e+00
     0.990249   1.000000000e+00
     0.990348   1.000000000e+00
     0.990447   1.000000000e+00
     0.990546   1.000000000e+00
     0.990645   1.000000000e+00
     0.990744   1.000000000e+00
     0.990843   1.000000000e+00
     0.990942   1.000000000e+00
     0.991041   1.000000000e+00
     0.991140   1.000000000e+00
     0.991239   1.000000000e+00
     0.991339   1.000000000e+00
     0.991438   1.000000000e+00
     0.991537   1.000000000e+00
     0.991636   1.000000000e+00
     0.991735   1.000000000e+00
     0.991834   1.000000000e+00
     0.991934   1.000000000e+00
     0.992033   1.000000000e+00
     0.992132   1.000000000e+00
     0.992231   1.000000000e+00
     0.992330   1.000000000e+00
     0.992430   1.000000000e+00
     0.992529   1.000000000e+00
     0.992628   1.000000000e+00
     0.992727   1.000000000e+00
     0.992827   1.000000000e+00
     0.992926   1.000000000e+00
     0.993025   1.000000000e+00
     0.993125   1.000000000e+00
     0.993224   1.000000000e+00
     0.993323   1.000000000e+00
     0.993423   1.000000000e+00
     0.993522   1.000000000e+00
     0.993621   1.000000000e+00
     0.993721   1.000000000e+00
     0.993820   1.000000000e+00
     0.993919   1.000000000e+00
     0.994019   1.000000000e+00
     0.994118   1.000000000e+00
     0.994218   1.000000000e+00
     0.994317   1.000000000e+00
     0.994416   1.000000000e+00
     0.994516   1.000000000e+00
     0.994615   1.000000000e+00
     0.994715   1.000000000e+00
     0.994814   1.000000000e+00
     0.994914   1.000000000e+00
     0.995013   1.000000000e+00
     0.995113   1.000000000e+00
     0.995212   1.000000000e+00
     0.995312   1.000000000e+00
     0.995411   1.000000000e+00
     0.995511   1.000000000e+00
     0.995610   1.000000000e+00
     0.995710   1.000000000e+00
     0.995810   1.000000000e+00
     0.995909   1.000000000e+00
     0.996009   1.000000000e+00
     0.996108   1.000000000e+00
     0.996208   1.000000000e+00
     0.996308   1.000000000e+00
     0.996407   1.000000000e+00
     0.996507   1.000000000e+00
     0.996607   1.000000000e+00
     0.996706   1.000000000e+00
     0.996806   1.000000000e+00
     0.996906   1.000000000e+00
     0.997005   1.000000000e+00
     0.997105   1.000000000e+00
     0.997205   1.000000000e+00
     0.997304   1.000000000e+00
     0.997404   1.000000000e+00
     0.997504   1.000000000e+00
     0.997604   1.000000000e+00
     0.997703   1.000000000e+00
     0.997803   1.000000000e+00
     0.997903   1.000000000e+00
     0.998003   1.000000000e+00
     0.998103   1.000000000e+00
     0.998202   1.000000000e+00
     0.998302   1.000000000e+00
     0.998402   1.000000000e+00
     0.998502   1.000000000e+00
     0.998602   1.000000000e+00
     0.998702   1.000000000e+00
     0.998802   1.000000000e+00
     0.998901   1.000000000e+00
     0.999001   1.000000000e+00
     0.999101   1.000000000e+00
     0.999201   1.000000000e+00
     0.999301   1.000000000e+00
     0.999401   1.000000000e+00
     0.999501   1.000000000e+00
     0.999601   1.000000000e+00
     0.999701   1.000000000e+00
     0.999801   1.000000000e+00
     0.999901   1.000000000e+00
     1.000001   1.000000000e+00
     1.000101   1.000000000e+00
     1.000201   1.000000000e+00
     1.000301   1.000000000e+00
     1.000401   1.000000000e+00
     1.000501   1.000000000e+00
     1.000601   1.000000000e+00
     1.000701   1.000000000e+00
     1.000801   1.000000000e+00
     1.000901   1.000000000e+00
     1.001001   1.000000000e+00
     1.001101   1.000000000e+00
     1.001202   1.000000000e+00
     1.001302   1.000000000e+00
     1.001402   1.000000000e+00
     1.001502   1.000000000e+00
     1.001602   1.000000000e+00
     1.001702   1.000000000e+00
     1.001802   1.000000000e+00
     1.001903   1.000000000e+00
     1.002003   1.000000000e+00
     1.002103   1.000000000e+00
     1.002203   1.000000000e+00
     1.002303   1.000000000e+00
     1.002404   1.000000000e+00
     1.002504   1.000000000e+00
     1.002604   1.000000000e+00
     1.002704   1.000000000e+00
     1.002805   1.000000000e+00
     1.002905   1.000000000e+00
     1.003005   1.000000000e+00
     1.003106   1.000000000e+00
     1.003206   1.000000000e+00
     1.003306   1.000000000e+00
     1.003407   1.000000000e+00
     1.003507   1.000000000e+00
     1.003607   1.000000000e+00
     1.003708   1.000000000e+00
     1.003808   1.000000000e+00
     1.003908   1.000000000e+00
     1.004009   1.000000000e+00
     1.004109   1.000000000e+00
     1.004210   1.000000000e+00
     1.004310   1.000000000e+00
     1.004411   1.000000000e+00
     1.004511   1.000000000e+00
     1.004611   1.000000000e+00
     1.004712   1.000000000e+00
     1.004812   1.000000000e+00
     1.004913   1.000000000e+00
     1.005013   1.000000000e+00
     1.005114   1.000000000e+00
     1.005214   1.000000000e+00
     1.005315   1.000000000e+00
     1.005415   1.000000000e+00
     1.005516   1.000000000e+00
     1.005617   1.000000000e+00
     1.005717   1.000000000e+00
     1.005818   1.000000000e+00
     1.005918   1.000000000e+00
     1.006019   1.000000000e+00
     1.006119   1.000000000e+00
     1.006220   1.000000000e+00
     1.006321   1.000000000e+00
     1.006421   1.000000000e+00
     1.006522   1.000000000e+00
     1.006623   1.000000000e+00
     1.006723   1.000000000e+00
     1.006824   1.000000000e+00
     1.006925   1.000000000e+00
     1.007025   1.000000000e+00
     1.007126   1.000000000e+00
     1.007227   1.000000000e+00
     1.007328   1.000000000e+00
     1.007428   1.000000000e+00
     1.007529   1.000000000e+00
     1.007630   1.000000000e+00
     1.007731   1.000000000e+00
     1.007831   1.000000000e+00
     1.007932   1.000000000e+00
     1.008033   1.000000000e+00
     1.008134   1.000000000e+00
     1.008235   1.000000000e+00
     1.008335   1.000000000e+00
     1.008436   1.000000000e+00
     1.008537   1.000000000e+00
     1.008638   1.000000000e+00
     1.008739   1.000000000e+00
     1.008840   1.000000000e+00
     1.008941   1.000000000e+00
     1.009041   1.000000000e+00
     1.009142   1.000000000e+00
     1.009243   1.000000000e+00
     1.009344   1.000000000e+00
     1.009445   1.000000000e+00
     1.009546   1.000000000e+00
     1.009647   1.000000000e+00
     1.009748   1.000000000e+00
     1.009849   1.000000000e+00
     1.009950   1.000000000e+00
     1.010051   1.000000000e+00
     1.010152   1.000000000e+00
     1.010253   1.000000000e+00
     1.010354   1.000000000e+00
     1.010455   1.000000000e+00
     1.010556   1.000000000e+00
     1.010657   1.000000000e+00
     1.010758   1.000000000e+00
     1.010859   1.000000000e+00
     1.010960   1.000000000e+00
     1.011062   1.000000000e+00
     1.011163   1.000000000e+00
     1.011264   1.000000000e+00
     1.011365   1.000000000e+00
     1.011466   1.000000000e+00
     1.011567   1.000000000e+00
     1.011668   1.000000000e+00
     1.011770   1.000000000e+00
     1.011871   1.000000000e+00
     1.011972   1.000000000e+00
     1.012073   1.000000000e+00
     1.012174   1.000000000e+00
     1.012276   1.000000000e+00
     1.012377   1.000000000e+00
     1.012478   1.000000000e+00
     1.012579   1.000000000e+00
     1.012681   1.000000000e+00
     1.012782   1.000000000e+00
     1.012883   1.000000000e+00
     1.012984   1.000000000e+00
     1.013086   0.000000000e+00
     1.013187   0.000000000e+00
     1.013288   0.000000000e+00
     1.013390   0.000000000e+00
     1.013491   0.000000000e+00
     1.013592   0.000000000e+00
     1.013694   0.000000000e+00
     1.013795   0.000000000e+00
     1.013896   0.000000000e+00
     1.013998   0.000000000e+00
     1.014099   0.000000000e+00
