# Wavelength      transmission
#         um          unitless
     1.62852   0.000000000e+00
     1.62868   0.000000000e+00
     1.62884   0.000000000e+00
     1.62901   0.000000000e+00
     1.62917   0.000000000e+00
     1.62933   0.000000000e+00
     1.62950   0.000000000e+00
     1.62966   0.000000000e+00
     1.62982   0.000000000e+00
     1.62998   0.000000000e+00
     1.63015   1.000000000e+00
     1.63031   1.000000000e+00
     1.63047   1.000000000e+00
     1.63064   1.000000000e+00
     1.63080   1.000000000e+00
     1.63096   1.000000000e+00
     1.63113   1.000000000e+00
     1.63129   1.000000000e+00
     1.63145   1.000000000e+00
     1.63162   1.000000000e+00
     1.63178   1.000000000e+00
     1.63194   1.000000000e+00
     1.63211   1.000000000e+00
     1.63227   1.000000000e+00
     1.63243   1.000000000e+00
     1.63260   1.000000000e+00
     1.63276   1.000000000e+00
     1.63292   1.000000000e+00
     1.63308   1.000000000e+00
     1.63325   1.000000000e+00
     1.63341   1.000000000e+00
     1.63357   1.000000000e+00
     1.63374   1.000000000e+00
     1.63390   1.000000000e+00
     1.63407   1.000000000e+00
     1.63423   1.000000000e+00
     1.63439   1.000000000e+00
     1.63456   1.000000000e+00
     1.63472   1.000000000e+00
     1.63488   1.000000000e+00
     1.63505   1.000000000e+00
     1.63521   1.000000000e+00
     1.63537   1.000000000e+00
     1.63554   1.000000000e+00
     1.63570   1.000000000e+00
     1.63586   1.000000000e+00
     1.63603   1.000000000e+00
     1.63619   1.000000000e+00
     1.63635   1.000000000e+00
     1.63652   1.000000000e+00
     1.63668   1.000000000e+00
     1.63685   1.000000000e+00
     1.63701   1.000000000e+00
     1.63717   1.000000000e+00
     1.63734   1.000000000e+00
     1.63750   1.000000000e+00
     1.63766   1.000000000e+00
     1.63783   1.000000000e+00
     1.63799   1.000000000e+00
     1.63816   1.000000000e+00
     1.63832   1.000000000e+00
     1.63848   1.000000000e+00
     1.63865   1.000000000e+00
     1.63881   1.000000000e+00
     1.63897   1.000000000e+00
     1.63914   1.000000000e+00
     1.63930   1.000000000e+00
     1.63947   1.000000000e+00
     1.63963   1.000000000e+00
     1.63979   1.000000000e+00
     1.63996   1.000000000e+00
     1.64012   1.000000000e+00
     1.64029   1.000000000e+00
     1.64045   1.000000000e+00
     1.64061   1.000000000e+00
     1.64078   1.000000000e+00
     1.64094   1.000000000e+00
     1.64111   1.000000000e+00
     1.64127   1.000000000e+00
     1.64143   1.000000000e+00
     1.64160   1.000000000e+00
     1.64176   1.000000000e+00
     1.64193   1.000000000e+00
     1.64209   1.000000000e+00
     1.64226   1.000000000e+00
     1.64242   1.000000000e+00
     1.64258   1.000000000e+00
     1.64275   1.000000000e+00
     1.64291   1.000000000e+00
     1.64308   1.000000000e+00
     1.64324   1.000000000e+00
     1.64341   1.000000000e+00
     1.64357   1.000000000e+00
     1.64373   1.000000000e+00
     1.64390   1.000000000e+00
     1.64406   1.000000000e+00
     1.64423   1.000000000e+00
     1.64439   1.000000000e+00
     1.64456   1.000000000e+00
     1.64472   1.000000000e+00
     1.64489   1.000000000e+00
     1.64505   1.000000000e+00
     1.64521   1.000000000e+00
     1.64538   1.000000000e+00
     1.64554   1.000000000e+00
     1.64571   1.000000000e+00
     1.64587   1.000000000e+00
     1.64604   1.000000000e+00
     1.64620   1.000000000e+00
     1.64637   1.000000000e+00
     1.64653   1.000000000e+00
     1.64670   1.000000000e+00
     1.64686   1.000000000e+00
     1.64703   1.000000000e+00
     1.64719   1.000000000e+00
     1.64735   1.000000000e+00
     1.64752   1.000000000e+00
     1.64768   1.000000000e+00
     1.64785   1.000000000e+00
     1.64801   1.000000000e+00
     1.64818   1.000000000e+00
     1.64834   1.000000000e+00
     1.64851   1.000000000e+00
     1.64867   1.000000000e+00
     1.64884   1.000000000e+00
     1.64900   1.000000000e+00
     1.64917   1.000000000e+00
     1.64933   1.000000000e+00
     1.64950   1.000000000e+00
     1.64966   1.000000000e+00
     1.64983   1.000000000e+00
     1.64999   1.000000000e+00
     1.65016   1.000000000e+00
     1.65032   1.000000000e+00
     1.65049   1.000000000e+00
     1.65065   1.000000000e+00
     1.65082   1.000000000e+00
     1.65098   1.000000000e+00
     1.65115   1.000000000e+00
     1.65131   1.000000000e+00
     1.65148   1.000000000e+00
     1.65164   1.000000000e+00
     1.65181   1.000000000e+00
     1.65197   1.000000000e+00
     1.65214   1.000000000e+00
     1.65230   1.000000000e+00
     1.65247   1.000000000e+00
     1.65263   1.000000000e+00
     1.65280   1.000000000e+00
     1.65297   1.000000000e+00
     1.65313   1.000000000e+00
     1.65330   1.000000000e+00
     1.65346   1.000000000e+00
     1.65363   1.000000000e+00
     1.65379   1.000000000e+00
     1.65396   1.000000000e+00
     1.65412   1.000000000e+00
     1.65429   1.000000000e+00
     1.65445   1.000000000e+00
     1.65462   1.000000000e+00
     1.65478   1.000000000e+00
     1.65495   1.000000000e+00
     1.65512   1.000000000e+00
     1.65528   1.000000000e+00
     1.65545   1.000000000e+00
     1.65561   1.000000000e+00
     1.65578   1.000000000e+00
     1.65594   1.000000000e+00
     1.65611   1.000000000e+00
     1.65627   1.000000000e+00
     1.65644   1.000000000e+00
     1.65661   1.000000000e+00
     1.65677   1.000000000e+00
     1.65694   1.000000000e+00
     1.65710   1.000000000e+00
     1.65727   1.000000000e+00
     1.65743   1.000000000e+00
     1.65760   1.000000000e+00
     1.65777   1.000000000e+00
     1.65793   1.000000000e+00
     1.65810   1.000000000e+00
     1.65826   1.000000000e+00
     1.65843   1.000000000e+00
     1.65859   1.000000000e+00
     1.65876   1.000000000e+00
     1.65893   1.000000000e+00
     1.65909   1.000000000e+00
     1.65926   1.000000000e+00
     1.65942   1.000000000e+00
     1.65959   1.000000000e+00
     1.65976   1.000000000e+00
     1.65992   1.000000000e+00
     1.66009   0.000000000e+00
     1.66025   0.000000000e+00
     1.66042   0.000000000e+00
     1.66059   0.000000000e+00
     1.66075   0.000000000e+00
     1.66092   0.000000000e+00
     1.66108   0.000000000e+00
     1.66125   0.000000000e+00
     1.66142   0.000000000e+00
