# Wavelength      transmission
#         um          unitless
     1.05881   0.000000000e+00
     1.05892   0.000000000e+00
     1.05902   0.000000000e+00
     1.05913   0.000000000e+00
     1.05923   0.000000000e+00
     1.05934   0.000000000e+00
     1.05945   0.000000000e+00
     1.05955   0.000000000e+00
     1.05966   0.000000000e+00
     1.05976   0.000000000e+00
     1.05987   0.000000000e+00
     1.05998   0.000000000e+00
     1.06008   1.000000000e+00
     1.06019   1.000000000e+00
     1.06029   1.000000000e+00
     1.06040   1.000000000e+00
     1.06051   1.000000000e+00
     1.06061   1.000000000e+00
     1.06072   1.000000000e+00
     1.06082   1.000000000e+00
     1.06093   1.000000000e+00
     1.06104   1.000000000e+00
     1.06114   1.000000000e+00
     1.06125   1.000000000e+00
     1.06135   1.000000000e+00
     1.06146   1.000000000e+00
     1.06157   1.000000000e+00
     1.06167   1.000000000e+00
     1.06178   1.000000000e+00
     1.06189   1.000000000e+00
     1.06199   1.000000000e+00
     1.06210   1.000000000e+00
     1.06220   1.000000000e+00
     1.06231   1.000000000e+00
     1.06242   1.000000000e+00
     1.06252   1.000000000e+00
     1.06263   1.000000000e+00
     1.06274   1.000000000e+00
     1.06284   1.000000000e+00
     1.06295   1.000000000e+00
     1.06305   1.000000000e+00
     1.06316   1.000000000e+00
     1.06327   1.000000000e+00
     1.06337   1.000000000e+00
     1.06348   1.000000000e+00
     1.06359   1.000000000e+00
     1.06369   1.000000000e+00
     1.06380   1.000000000e+00
     1.06391   1.000000000e+00
     1.06401   1.000000000e+00
     1.06412   1.000000000e+00
     1.06422   1.000000000e+00
     1.06433   1.000000000e+00
     1.06444   1.000000000e+00
     1.06454   1.000000000e+00
     1.06465   1.000000000e+00
     1.06476   1.000000000e+00
     1.06486   1.000000000e+00
     1.06497   1.000000000e+00
     1.06508   1.000000000e+00
     1.06518   1.000000000e+00
     1.06529   1.000000000e+00
     1.06540   1.000000000e+00
     1.06550   1.000000000e+00
     1.06561   1.000000000e+00
     1.06572   1.000000000e+00
     1.06582   1.000000000e+00
     1.06593   1.000000000e+00
     1.06604   1.000000000e+00
     1.06614   1.000000000e+00
     1.06625   1.000000000e+00
     1.06635   1.000000000e+00
     1.06646   1.000000000e+00
     1.06657   1.000000000e+00
     1.06667   1.000000000e+00
     1.06678   1.000000000e+00
     1.06689   1.000000000e+00
     1.06699   1.000000000e+00
     1.06710   1.000000000e+00
     1.06721   1.000000000e+00
     1.06732   1.000000000e+00
     1.06742   1.000000000e+00
     1.06753   1.000000000e+00
     1.06764   1.000000000e+00
     1.06774   1.000000000e+00
     1.06785   1.000000000e+00
     1.06796   1.000000000e+00
     1.06806   1.000000000e+00
     1.06817   1.000000000e+00
     1.06828   1.000000000e+00
     1.06838   1.000000000e+00
     1.06849   1.000000000e+00
     1.06860   1.000000000e+00
     1.06870   1.000000000e+00
     1.06881   1.000000000e+00
     1.06892   1.000000000e+00
     1.06902   1.000000000e+00
     1.06913   1.000000000e+00
     1.06924   1.000000000e+00
     1.06934   1.000000000e+00
     1.06945   1.000000000e+00
     1.06956   1.000000000e+00
     1.06967   1.000000000e+00
     1.06977   1.000000000e+00
     1.06988   1.000000000e+00
     1.06999   1.000000000e+00
     1.07009   1.000000000e+00
     1.07020   1.000000000e+00
     1.07031   1.000000000e+00
     1.07041   1.000000000e+00
     1.07052   1.000000000e+00
     1.07063   1.000000000e+00
     1.07074   1.000000000e+00
     1.07084   1.000000000e+00
     1.07095   1.000000000e+00
     1.07106   1.000000000e+00
     1.07116   1.000000000e+00
     1.07127   1.000000000e+00
     1.07138   1.000000000e+00
     1.07149   1.000000000e+00
     1.07159   1.000000000e+00
     1.07170   1.000000000e+00
     1.07181   1.000000000e+00
     1.07191   1.000000000e+00
     1.07202   1.000000000e+00
     1.07213   1.000000000e+00
     1.07224   1.000000000e+00
     1.07234   1.000000000e+00
     1.07245   1.000000000e+00
     1.07256   1.000000000e+00
     1.07267   1.000000000e+00
     1.07277   1.000000000e+00
     1.07288   1.000000000e+00
     1.07299   1.000000000e+00
     1.07309   1.000000000e+00
     1.07320   1.000000000e+00
     1.07331   1.000000000e+00
     1.07342   1.000000000e+00
     1.07352   1.000000000e+00
     1.07363   1.000000000e+00
     1.07374   1.000000000e+00
     1.07385   1.000000000e+00
     1.07395   1.000000000e+00
     1.07406   1.000000000e+00
     1.07417   1.000000000e+00
     1.07428   1.000000000e+00
     1.07438   1.000000000e+00
     1.07449   1.000000000e+00
     1.07460   1.000000000e+00
     1.07471   1.000000000e+00
     1.07481   1.000000000e+00
     1.07492   1.000000000e+00
     1.07503   1.000000000e+00
     1.07514   1.000000000e+00
     1.07524   1.000000000e+00
     1.07535   1.000000000e+00
     1.07546   1.000000000e+00
     1.07557   1.000000000e+00
     1.07567   1.000000000e+00
     1.07578   1.000000000e+00
     1.07589   1.000000000e+00
     1.07600   1.000000000e+00
     1.07610   1.000000000e+00
     1.07621   1.000000000e+00
     1.07632   1.000000000e+00
     1.07643   1.000000000e+00
     1.07653   1.000000000e+00
     1.07664   1.000000000e+00
     1.07675   1.000000000e+00
     1.07686   1.000000000e+00
     1.07696   1.000000000e+00
     1.07707   1.000000000e+00
     1.07718   1.000000000e+00
     1.07729   1.000000000e+00
     1.07740   1.000000000e+00
     1.07750   1.000000000e+00
     1.07761   1.000000000e+00
     1.07772   1.000000000e+00
     1.07783   1.000000000e+00
     1.07793   1.000000000e+00
     1.07804   1.000000000e+00
     1.07815   1.000000000e+00
     1.07826   1.000000000e+00
     1.07837   1.000000000e+00
     1.07847   1.000000000e+00
     1.07858   1.000000000e+00
     1.07869   1.000000000e+00
     1.07880   1.000000000e+00
     1.07890   1.000000000e+00
     1.07901   1.000000000e+00
     1.07912   1.000000000e+00
     1.07923   1.000000000e+00
     1.07934   1.000000000e+00
     1.07944   1.000000000e+00
     1.07955   1.000000000e+00
     1.07966   1.000000000e+00
     1.07977   1.000000000e+00
     1.07988   1.000000000e+00
     1.07998   1.000000000e+00
     1.08009   1.000000000e+00
     1.08020   1.000000000e+00
     1.08031   1.000000000e+00
     1.08042   1.000000000e+00
     1.08052   1.000000000e+00
     1.08063   1.000000000e+00
     1.08074   1.000000000e+00
     1.08085   1.000000000e+00
     1.08096   1.000000000e+00
     1.08106   1.000000000e+00
     1.08117   1.000000000e+00
     1.08128   1.000000000e+00
     1.08139   1.000000000e+00
     1.08150   1.000000000e+00
     1.08161   1.000000000e+00
     1.08171   1.000000000e+00
     1.08182   1.000000000e+00
     1.08193   1.000000000e+00
     1.08204   1.000000000e+00
     1.08215   1.000000000e+00
     1.08225   1.000000000e+00
     1.08236   1.000000000e+00
     1.08247   1.000000000e+00
     1.08258   1.000000000e+00
     1.08269   1.000000000e+00
     1.08280   1.000000000e+00
     1.08290   1.000000000e+00
     1.08301   0.000000000e+00
     1.08312   0.000000000e+00
     1.08323   0.000000000e+00
     1.08334   0.000000000e+00
     1.08345   0.000000000e+00
     1.08355   0.000000000e+00
     1.08366   0.000000000e+00
     1.08377   0.000000000e+00
     1.08388   0.000000000e+00
     1.08399   0.000000000e+00
     1.08410   0.000000000e+00
