# Wavelength      transmission
#         um          unitless
     1.59847   0.000000000e+00
     1.59863   0.000000000e+00
     1.59879   0.000000000e+00
     1.59895   0.000000000e+00
     1.59911   0.000000000e+00
     1.59927   0.000000000e+00
     1.59943   0.000000000e+00
     1.59959   0.000000000e+00
     1.59975   0.000000000e+00
     1.59991   0.000000000e+00
     1.60007   1.000000000e+00
     1.60023   1.000000000e+00
     1.60039   1.000000000e+00
     1.60055   1.000000000e+00
     1.60071   1.000000000e+00
     1.60087   1.000000000e+00
     1.60103   1.000000000e+00
     1.60119   1.000000000e+00
     1.60135   1.000000000e+00
     1.60151   1.000000000e+00
     1.60167   1.000000000e+00
     1.60183   1.000000000e+00
     1.60200   1.000000000e+00
     1.60216   1.000000000e+00
     1.60232   1.000000000e+00
     1.60248   1.000000000e+00
     1.60264   1.000000000e+00
     1.60280   1.000000000e+00
     1.60296   1.000000000e+00
     1.60312   1.000000000e+00
     1.60328   1.000000000e+00
     1.60344   1.000000000e+00
     1.60360   1.000000000e+00
     1.60376   1.000000000e+00
     1.60392   1.000000000e+00
     1.60408   1.000000000e+00
     1.60424   1.000000000e+00
     1.60440   1.000000000e+00
     1.60456   1.000000000e+00
     1.60472   1.000000000e+00
     1.60488   1.000000000e+00
     1.60504   1.000000000e+00
     1.60520   1.000000000e+00
     1.60536   1.000000000e+00
     1.60552   1.000000000e+00
     1.60568   1.000000000e+00
     1.60584   1.000000000e+00
     1.60601   1.000000000e+00
     1.60617   1.000000000e+00
     1.60633   1.000000000e+00
     1.60649   1.000000000e+00
     1.60665   1.000000000e+00
     1.60681   1.000000000e+00
     1.60697   1.000000000e+00
     1.60713   1.000000000e+00
     1.60729   1.000000000e+00
     1.60745   1.000000000e+00
     1.60761   1.000000000e+00
     1.60777   1.000000000e+00
     1.60793   1.000000000e+00
     1.60809   1.000000000e+00
     1.60826   1.000000000e+00
     1.60842   1.000000000e+00
     1.60858   1.000000000e+00
     1.60874   1.000000000e+00
     1.60890   1.000000000e+00
     1.60906   1.000000000e+00
     1.60922   1.000000000e+00
     1.60938   1.000000000e+00
     1.60954   1.000000000e+00
     1.60970   1.000000000e+00
     1.60986   1.000000000e+00
     1.61003   1.000000000e+00
     1.61019   1.000000000e+00
     1.61035   1.000000000e+00
     1.61051   1.000000000e+00
     1.61067   1.000000000e+00
     1.61083   1.000000000e+00
     1.61099   1.000000000e+00
     1.61115   1.000000000e+00
     1.61131   1.000000000e+00
     1.61147   1.000000000e+00
     1.61164   1.000000000e+00
     1.61180   1.000000000e+00
     1.61196   1.000000000e+00
     1.61212   1.000000000e+00
     1.61228   1.000000000e+00
     1.61244   1.000000000e+00
     1.61260   1.000000000e+00
     1.61276   1.000000000e+00
     1.61293   1.000000000e+00
     1.61309   1.000000000e+00
     1.61325   1.000000000e+00
     1.61341   1.000000000e+00
     1.61357   1.000000000e+00
     1.61373   1.000000000e+00
     1.61389   1.000000000e+00
     1.61406   1.000000000e+00
     1.61422   1.000000000e+00
     1.61438   1.000000000e+00
     1.61454   1.000000000e+00
     1.61470   1.000000000e+00
     1.61486   1.000000000e+00
     1.61502   1.000000000e+00
     1.61519   1.000000000e+00
     1.61535   1.000000000e+00
     1.61551   1.000000000e+00
     1.61567   1.000000000e+00
     1.61583   1.000000000e+00
     1.61599   1.000000000e+00
     1.61615   1.000000000e+00
     1.61632   1.000000000e+00
     1.61648   1.000000000e+00
     1.61664   1.000000000e+00
     1.61680   1.000000000e+00
     1.61696   1.000000000e+00
     1.61712   1.000000000e+00
     1.61729   1.000000000e+00
     1.61745   1.000000000e+00
     1.61761   1.000000000e+00
     1.61777   1.000000000e+00
     1.61793   1.000000000e+00
     1.61810   1.000000000e+00
     1.61826   1.000000000e+00
     1.61842   1.000000000e+00
     1.61858   1.000000000e+00
     1.61874   1.000000000e+00
     1.61890   1.000000000e+00
     1.61907   1.000000000e+00
     1.61923   1.000000000e+00
     1.61939   1.000000000e+00
     1.61955   1.000000000e+00
     1.61971   1.000000000e+00
     1.61988   1.000000000e+00
     1.62004   1.000000000e+00
     1.62020   1.000000000e+00
     1.62036   1.000000000e+00
     1.62052   1.000000000e+00
     1.62069   1.000000000e+00
     1.62085   1.000000000e+00
     1.62101   1.000000000e+00
     1.62117   1.000000000e+00
     1.62133   1.000000000e+00
     1.62150   1.000000000e+00
     1.62166   1.000000000e+00
     1.62182   1.000000000e+00
     1.62198   1.000000000e+00
     1.62215   1.000000000e+00
     1.62231   1.000000000e+00
     1.62247   1.000000000e+00
     1.62263   1.000000000e+00
     1.62279   1.000000000e+00
     1.62296   1.000000000e+00
     1.62312   1.000000000e+00
     1.62328   1.000000000e+00
     1.62344   1.000000000e+00
     1.62361   1.000000000e+00
     1.62377   1.000000000e+00
     1.62393   1.000000000e+00
     1.62409   1.000000000e+00
     1.62426   1.000000000e+00
     1.62442   1.000000000e+00
     1.62458   1.000000000e+00
     1.62474   1.000000000e+00
     1.62491   1.000000000e+00
     1.62507   1.000000000e+00
     1.62523   1.000000000e+00
     1.62539   1.000000000e+00
     1.62556   1.000000000e+00
     1.62572   1.000000000e+00
     1.62588   1.000000000e+00
     1.62604   1.000000000e+00
     1.62621   1.000000000e+00
     1.62637   1.000000000e+00
     1.62653   1.000000000e+00
     1.62669   1.000000000e+00
     1.62686   1.000000000e+00
     1.62702   1.000000000e+00
     1.62718   1.000000000e+00
     1.62734   1.000000000e+00
     1.62751   1.000000000e+00
     1.62767   1.000000000e+00
     1.62783   1.000000000e+00
     1.62800   1.000000000e+00
     1.62816   1.000000000e+00
     1.62832   1.000000000e+00
     1.62848   1.000000000e+00
     1.62865   1.000000000e+00
     1.62881   1.000000000e+00
     1.62897   1.000000000e+00
     1.62914   1.000000000e+00
     1.62930   1.000000000e+00
     1.62946   1.000000000e+00
     1.62962   1.000000000e+00
     1.62979   1.000000000e+00
     1.62995   1.000000000e+00
     1.63011   0.000000000e+00
     1.63028   0.000000000e+00
     1.63044   0.000000000e+00
     1.63060   0.000000000e+00
     1.63077   0.000000000e+00
     1.63093   0.000000000e+00
     1.63109   0.000000000e+00
     1.63126   0.000000000e+00
     1.63142   0.000000000e+00
