#  Wavelength      transmission
#          um          unitless
     0.671519   0.000000000e+00
     0.671586   0.000000000e+00
     0.671653   0.000000000e+00
     0.671720   0.000000000e+00
     0.671788   0.000000000e+00
     0.671855   0.000000000e+00
     0.671922   0.000000000e+00
     0.671989   0.000000000e+00
     0.672056   0.000000000e+00
     0.672124   0.000000000e+00
     0.672191   0.000000000e+00
     0.672258   0.000000000e+00
     0.672325   0.000000000e+00
     0.672392   0.000000000e+00
     0.672460   0.000000000e+00
     0.672527   0.000000000e+00
     0.672594   0.000000000e+00
     0.672661   0.000000000e+00
     0.672729   0.000000000e+00
     0.672796   0.000000000e+00
     0.672863   0.000000000e+00
     0.672931   0.000000000e+00
     0.672998   0.000000000e+00
     0.673065   0.000000000e+00
     0.673132   0.000000000e+00
     0.673200   0.000000000e+00
     0.673267   0.000000000e+00
     0.673334   0.000000000e+00
     0.673402   0.000000000e+00
     0.673469   0.000000000e+00
     0.673536   0.000000000e+00
     0.673604   0.000000000e+00
     0.673671   0.000000000e+00
     0.673739   0.000000000e+00
     0.673806   0.000000000e+00
     0.673873   0.000000000e+00
     0.673941   0.000000000e+00
     0.674008   1.000000000e+00
     0.674076   1.000000000e+00
     0.674143   1.000000000e+00
     0.674210   1.000000000e+00
     0.674278   1.000000000e+00
     0.674345   1.000000000e+00
     0.674413   1.000000000e+00
     0.674480   1.000000000e+00
     0.674548   1.000000000e+00
     0.674615   1.000000000e+00
     0.674682   1.000000000e+00
     0.674750   1.000000000e+00
     0.674817   1.000000000e+00
     0.674885   1.000000000e+00
     0.674952   1.000000000e+00
     0.675020   1.000000000e+00
     0.675087   1.000000000e+00
     0.675155   1.000000000e+00
     0.675222   1.000000000e+00
     0.675290   1.000000000e+00
     0.675357   1.000000000e+00
     0.675425   1.000000000e+00
     0.675493   1.000000000e+00
     0.675560   1.000000000e+00
     0.675628   1.000000000e+00
     0.675695   1.000000000e+00
     0.675763   1.000000000e+00
     0.675830   1.000000000e+00
     0.675898   1.000000000e+00
     0.675966   1.000000000e+00
     0.676033   1.000000000e+00
     0.676101   1.000000000e+00
     0.676168   1.000000000e+00
     0.676236   1.000000000e+00
     0.676304   1.000000000e+00
     0.676371   1.000000000e+00
     0.676439   1.000000000e+00
     0.676507   1.000000000e+00
     0.676574   1.000000000e+00
     0.676642   1.000000000e+00
     0.676710   1.000000000e+00
     0.676777   1.000000000e+00
     0.676845   1.000000000e+00
     0.676913   1.000000000e+00
     0.676980   1.000000000e+00
     0.677048   1.000000000e+00
     0.677116   1.000000000e+00
     0.677183   1.000000000e+00
     0.677251   1.000000000e+00
     0.677319   1.000000000e+00
     0.677387   1.000000000e+00
     0.677454   1.000000000e+00
     0.677522   1.000000000e+00
     0.677590   1.000000000e+00
     0.677658   1.000000000e+00
     0.677725   1.000000000e+00
     0.677793   1.000000000e+00
     0.677861   1.000000000e+00
     0.677929   1.000000000e+00
     0.677997   1.000000000e+00
     0.678064   1.000000000e+00
     0.678132   1.000000000e+00
     0.678200   1.000000000e+00
     0.678268   1.000000000e+00
     0.678336   1.000000000e+00
     0.678403   1.000000000e+00
     0.678471   1.000000000e+00
     0.678539   1.000000000e+00
     0.678607   1.000000000e+00
     0.678675   1.000000000e+00
     0.678743   1.000000000e+00
     0.678811   1.000000000e+00
     0.678878   1.000000000e+00
     0.678946   1.000000000e+00
     0.679014   1.000000000e+00
     0.679082   1.000000000e+00
     0.679150   1.000000000e+00
     0.679218   1.000000000e+00
     0.679286   1.000000000e+00
     0.679354   1.000000000e+00
     0.679422   1.000000000e+00
     0.679490   1.000000000e+00
     0.679558   1.000000000e+00
     0.679626   1.000000000e+00
     0.679694   1.000000000e+00
     0.679762   1.000000000e+00
     0.679830   1.000000000e+00
     0.679898   1.000000000e+00
     0.679966   1.000000000e+00
     0.680034   1.000000000e+00
     0.680102   1.000000000e+00
     0.680170   1.000000000e+00
     0.680238   1.000000000e+00
     0.680306   1.000000000e+00
     0.680374   1.000000000e+00
     0.680442   1.000000000e+00
     0.680510   1.000000000e+00
     0.680578   1.000000000e+00
     0.680646   1.000000000e+00
     0.680714   1.000000000e+00
     0.680782   1.000000000e+00
     0.680850   1.000000000e+00
     0.680918   1.000000000e+00
     0.680986   1.000000000e+00
     0.681054   1.000000000e+00
     0.681122   1.000000000e+00
     0.681191   1.000000000e+00
     0.681259   1.000000000e+00
     0.681327   1.000000000e+00
     0.681395   1.000000000e+00
     0.681463   1.000000000e+00
     0.681531   1.000000000e+00
     0.681599   1.000000000e+00
     0.681668   1.000000000e+00
     0.681736   1.000000000e+00
     0.681804   1.000000000e+00
     0.681872   1.000000000e+00
     0.681940   1.000000000e+00
     0.682009   1.000000000e+00
     0.682077   1.000000000e+00
     0.682145   1.000000000e+00
     0.682213   1.000000000e+00
     0.682281   1.000000000e+00
     0.682350   1.000000000e+00
     0.682418   1.000000000e+00
     0.682486   1.000000000e+00
     0.682554   1.000000000e+00
     0.682623   1.000000000e+00
     0.682691   1.000000000e+00
     0.682759   1.000000000e+00
     0.682827   1.000000000e+00
     0.682896   1.000000000e+00
     0.682964   1.000000000e+00
     0.683032   1.000000000e+00
     0.683101   1.000000000e+00
     0.683169   1.000000000e+00
     0.683237   1.000000000e+00
     0.683306   1.000000000e+00
     0.683374   1.000000000e+00
     0.683442   1.000000000e+00
     0.683511   1.000000000e+00
     0.683579   1.000000000e+00
     0.683647   1.000000000e+00
     0.683716   1.000000000e+00
     0.683784   1.000000000e+00
     0.683852   1.000000000e+00
     0.683921   1.000000000e+00
     0.683989   1.000000000e+00
     0.684058   1.000000000e+00
     0.684126   1.000000000e+00
     0.684194   1.000000000e+00
     0.684263   1.000000000e+00
     0.684331   1.000000000e+00
     0.684400   1.000000000e+00
     0.684468   1.000000000e+00
     0.684537   1.000000000e+00
     0.684605   1.000000000e+00
     0.684674   1.000000000e+00
     0.684742   1.000000000e+00
     0.684810   1.000000000e+00
     0.684879   1.000000000e+00
     0.684947   1.000000000e+00
     0.685016   1.000000000e+00
     0.685084   1.000000000e+00
     0.685153   1.000000000e+00
     0.685222   1.000000000e+00
     0.685290   1.000000000e+00
     0.685359   1.000000000e+00
     0.685427   1.000000000e+00
     0.685496   1.000000000e+00
     0.685564   1.000000000e+00
     0.685633   1.000000000e+00
     0.685701   1.000000000e+00
     0.685770   1.000000000e+00
     0.685838   1.000000000e+00
     0.685907   1.000000000e+00
     0.685976   1.000000000e+00
     0.686044   1.000000000e+00
     0.686113   1.000000000e+00
     0.686181   1.000000000e+00
     0.686250   1.000000000e+00
     0.686319   1.000000000e+00
     0.686387   1.000000000e+00
     0.686456   1.000000000e+00
     0.686525   1.000000000e+00
     0.686593   1.000000000e+00
     0.686662   1.000000000e+00
     0.686731   1.000000000e+00
     0.686799   1.000000000e+00
     0.686868   1.000000000e+00
     0.686937   1.000000000e+00
     0.687005   1.000000000e+00
     0.687074   1.000000000e+00
     0.687143   1.000000000e+00
     0.687212   1.000000000e+00
     0.687280   1.000000000e+00
     0.687349   1.000000000e+00
     0.687418   1.000000000e+00
     0.687486   1.000000000e+00
     0.687555   1.000000000e+00
     0.687624   1.000000000e+00
     0.687693   1.000000000e+00
     0.687762   1.000000000e+00
     0.687830   1.000000000e+00
     0.687899   1.000000000e+00
     0.687968   1.000000000e+00
     0.688037   1.000000000e+00
     0.688105   1.000000000e+00
     0.688174   1.000000000e+00
     0.688243   1.000000000e+00
     0.688312   1.000000000e+00
     0.688381   1.000000000e+00
     0.688450   1.000000000e+00
     0.688518   1.000000000e+00
     0.688587   1.000000000e+00
     0.688656   1.000000000e+00
     0.688725   1.000000000e+00
     0.688794   1.000000000e+00
     0.688863   1.000000000e+00
     0.688932   1.000000000e+00
     0.689001   1.000000000e+00
     0.689070   1.000000000e+00
     0.689138   1.000000000e+00
     0.689207   1.000000000e+00
     0.689276   1.000000000e+00
     0.689345   1.000000000e+00
     0.689414   1.000000000e+00
     0.689483   1.000000000e+00
     0.689552   1.000000000e+00
     0.689621   1.000000000e+00
     0.689690   1.000000000e+00
     0.689759   1.000000000e+00
     0.689828   1.000000000e+00
     0.689897   1.000000000e+00
     0.689966   1.000000000e+00
     0.690035   1.000000000e+00
     0.690104   1.000000000e+00
     0.690173   1.000000000e+00
     0.690242   1.000000000e+00
     0.690311   1.000000000e+00
     0.690380   1.000000000e+00
     0.690449   1.000000000e+00
     0.690518   1.000000000e+00
     0.690587   1.000000000e+00
     0.690656   1.000000000e+00
     0.690725   1.000000000e+00
     0.690794   1.000000000e+00
     0.690863   1.000000000e+00
     0.690933   1.000000000e+00
     0.691002   1.000000000e+00
     0.691071   1.000000000e+00
     0.691140   1.000000000e+00
     0.691209   1.000000000e+00
     0.691278   1.000000000e+00
     0.691347   1.000000000e+00
     0.691416   1.000000000e+00
     0.691485   1.000000000e+00
     0.691555   1.000000000e+00
     0.691624   1.000000000e+00
     0.691693   1.000000000e+00
     0.691762   1.000000000e+00
     0.691831   1.000000000e+00
     0.691900   1.000000000e+00
     0.691970   1.000000000e+00
     0.692039   1.000000000e+00
     0.692108   1.000000000e+00
     0.692177   1.000000000e+00
     0.692247   1.000000000e+00
     0.692316   1.000000000e+00
     0.692385   1.000000000e+00
     0.692454   1.000000000e+00
     0.692523   1.000000000e+00
     0.692593   1.000000000e+00
     0.692662   1.000000000e+00
     0.692731   1.000000000e+00
     0.692801   1.000000000e+00
     0.692870   1.000000000e+00
     0.692939   1.000000000e+00
     0.693008   1.000000000e+00
     0.693078   1.000000000e+00
     0.693147   1.000000000e+00
     0.693216   1.000000000e+00
     0.693286   1.000000000e+00
     0.693355   1.000000000e+00
     0.693424   1.000000000e+00
     0.693494   1.000000000e+00
     0.693563   1.000000000e+00
     0.693632   1.000000000e+00
     0.693702   1.000000000e+00
     0.693771   1.000000000e+00
     0.693841   1.000000000e+00
     0.693910   1.000000000e+00
     0.693979   1.000000000e+00
     0.694049   1.000000000e+00
     0.694118   1.000000000e+00
     0.694188   1.000000000e+00
     0.694257   1.000000000e+00
     0.694326   1.000000000e+00
     0.694396   1.000000000e+00
     0.694465   1.000000000e+00
     0.694535   1.000000000e+00
     0.694604   1.000000000e+00
     0.694674   1.000000000e+00
     0.694743   1.000000000e+00
     0.694813   1.000000000e+00
     0.694882   1.000000000e+00
     0.694952   1.000000000e+00
     0.695021   1.000000000e+00
     0.695091   1.000000000e+00
     0.695160   1.000000000e+00
     0.695230   1.000000000e+00
     0.695299   1.000000000e+00
     0.695369   1.000000000e+00
     0.695438   1.000000000e+00
     0.695508   1.000000000e+00
     0.695577   1.000000000e+00
     0.695647   1.000000000e+00
     0.695716   1.000000000e+00
     0.695786   1.000000000e+00
     0.695856   1.000000000e+00
     0.695925   1.000000000e+00
     0.695995   1.000000000e+00
     0.696064   1.000000000e+00
     0.696134   1.000000000e+00
     0.696204   1.000000000e+00
     0.696273   1.000000000e+00
     0.696343   1.000000000e+00
     0.696412   1.000000000e+00
     0.696482   1.000000000e+00
     0.696552   1.000000000e+00
     0.696621   1.000000000e+00
     0.696691   1.000000000e+00
     0.696761   1.000000000e+00
     0.696830   1.000000000e+00
     0.696900   1.000000000e+00
     0.696970   1.000000000e+00
     0.697040   1.000000000e+00
     0.697109   1.000000000e+00
     0.697179   1.000000000e+00
     0.697249   1.000000000e+00
     0.697318   1.000000000e+00
     0.697388   1.000000000e+00
     0.697458   1.000000000e+00
     0.697528   1.000000000e+00
     0.697597   1.000000000e+00
     0.697667   1.000000000e+00
     0.697737   1.000000000e+00
     0.697807   1.000000000e+00
     0.697877   1.000000000e+00
     0.697946   1.000000000e+00
     0.698016   1.000000000e+00
     0.698086   1.000000000e+00
     0.698156   1.000000000e+00
     0.698226   1.000000000e+00
     0.698295   1.000000000e+00
     0.698365   1.000000000e+00
     0.698435   1.000000000e+00
     0.698505   1.000000000e+00
     0.698575   1.000000000e+00
     0.698645   1.000000000e+00
     0.698714   1.000000000e+00
     0.698784   1.000000000e+00
     0.698854   1.000000000e+00
     0.698924   1.000000000e+00
     0.698994   1.000000000e+00
     0.699064   1.000000000e+00
     0.699134   1.000000000e+00
     0.699204   1.000000000e+00
     0.699274   1.000000000e+00
     0.699344   1.000000000e+00
     0.699414   1.000000000e+00
     0.699483   1.000000000e+00
     0.699553   1.000000000e+00
     0.699623   1.000000000e+00
     0.699693   1.000000000e+00
     0.699763   1.000000000e+00
     0.699833   1.000000000e+00
     0.699903   1.000000000e+00
     0.699973   1.000000000e+00
     0.700043   1.000000000e+00
     0.700113   1.000000000e+00
     0.700183   1.000000000e+00
     0.700253   1.000000000e+00
     0.700323   1.000000000e+00
     0.700393   1.000000000e+00
     0.700463   1.000000000e+00
     0.700533   1.000000000e+00
     0.700604   1.000000000e+00
     0.700674   1.000000000e+00
     0.700744   1.000000000e+00
     0.700814   1.000000000e+00
     0.700884   1.000000000e+00
     0.700954   1.000000000e+00
     0.701024   1.000000000e+00
     0.701094   1.000000000e+00
     0.701164   1.000000000e+00
     0.701234   1.000000000e+00
     0.701304   1.000000000e+00
     0.701375   1.000000000e+00
     0.701445   1.000000000e+00
     0.701515   1.000000000e+00
     0.701585   1.000000000e+00
     0.701655   1.000000000e+00
     0.701725   1.000000000e+00
     0.701796   1.000000000e+00
     0.701866   1.000000000e+00
     0.701936   1.000000000e+00
     0.702006   1.000000000e+00
     0.702076   1.000000000e+00
     0.702147   1.000000000e+00
     0.702217   1.000000000e+00
     0.702287   1.000000000e+00
     0.702357   1.000000000e+00
     0.702427   1.000000000e+00
     0.702498   1.000000000e+00
     0.702568   1.000000000e+00
     0.702638   1.000000000e+00
     0.702708   1.000000000e+00
     0.702779   1.000000000e+00
     0.702849   1.000000000e+00
     0.702919   1.000000000e+00
     0.702990   1.000000000e+00
     0.703060   1.000000000e+00
     0.703130   1.000000000e+00
     0.703201   1.000000000e+00
     0.703271   1.000000000e+00
     0.703341   1.000000000e+00
     0.703412   1.000000000e+00
     0.703482   1.000000000e+00
     0.703552   1.000000000e+00
     0.703623   1.000000000e+00
     0.703693   1.000000000e+00
     0.703763   1.000000000e+00
     0.703834   1.000000000e+00
     0.703904   1.000000000e+00
     0.703975   1.000000000e+00
     0.704045   1.000000000e+00
     0.704115   1.000000000e+00
     0.704186   1.000000000e+00
     0.704256   1.000000000e+00
     0.704327   1.000000000e+00
     0.704397   1.000000000e+00
     0.704467   1.000000000e+00
     0.704538   1.000000000e+00
     0.704608   1.000000000e+00
     0.704679   1.000000000e+00
     0.704749   1.000000000e+00
     0.704820   1.000000000e+00
     0.704890   1.000000000e+00
     0.704961   1.000000000e+00
     0.705031   1.000000000e+00
     0.705102   1.000000000e+00
     0.705172   1.000000000e+00
     0.705243   1.000000000e+00
     0.705313   1.000000000e+00
     0.705384   1.000000000e+00
     0.705454   1.000000000e+00
     0.705525   1.000000000e+00
     0.705596   1.000000000e+00
     0.705666   1.000000000e+00
     0.705737   1.000000000e+00
     0.705807   1.000000000e+00
     0.705878   1.000000000e+00
     0.705948   1.000000000e+00
     0.706019   1.000000000e+00
     0.706090   1.000000000e+00
     0.706160   1.000000000e+00
     0.706231   1.000000000e+00
     0.706301   1.000000000e+00
     0.706372   1.000000000e+00
     0.706443   1.000000000e+00
     0.706513   1.000000000e+00
     0.706584   1.000000000e+00
     0.706655   1.000000000e+00
     0.706725   1.000000000e+00
     0.706796   1.000000000e+00
     0.706867   1.000000000e+00
     0.706937   1.000000000e+00
     0.707008   1.000000000e+00
     0.707079   1.000000000e+00
     0.707150   1.000000000e+00
     0.707220   1.000000000e+00
     0.707291   1.000000000e+00
     0.707362   1.000000000e+00
     0.707432   1.000000000e+00
     0.707503   1.000000000e+00
     0.707574   1.000000000e+00
     0.707645   1.000000000e+00
     0.707715   1.000000000e+00
     0.707786   1.000000000e+00
     0.707857   1.000000000e+00
     0.707928   1.000000000e+00
     0.707999   1.000000000e+00
     0.708069   1.000000000e+00
     0.708140   1.000000000e+00
     0.708211   1.000000000e+00
     0.708282   1.000000000e+00
     0.708353   1.000000000e+00
     0.708424   1.000000000e+00
     0.708494   1.000000000e+00
     0.708565   1.000000000e+00
     0.708636   1.000000000e+00
     0.708707   1.000000000e+00
     0.708778   1.000000000e+00
     0.708849   1.000000000e+00
     0.708920   1.000000000e+00
     0.708991   1.000000000e+00
     0.709061   1.000000000e+00
     0.709132   1.000000000e+00
     0.709203   1.000000000e+00
     0.709274   1.000000000e+00
     0.709345   1.000000000e+00
     0.709416   1.000000000e+00
     0.709487   1.000000000e+00
     0.709558   1.000000000e+00
     0.709629   1.000000000e+00
     0.709700   1.000000000e+00
     0.709771   1.000000000e+00
     0.709842   1.000000000e+00
     0.709913   1.000000000e+00
     0.709984   1.000000000e+00
     0.710055   1.000000000e+00
     0.710126   1.000000000e+00
     0.710197   1.000000000e+00
     0.710268   1.000000000e+00
     0.710339   1.000000000e+00
     0.710410   1.000000000e+00
     0.710481   1.000000000e+00
     0.710552   1.000000000e+00
     0.710623   1.000000000e+00
     0.710694   1.000000000e+00
     0.710765   1.000000000e+00
     0.710836   1.000000000e+00
     0.710907   1.000000000e+00
     0.710978   1.000000000e+00
     0.711050   1.000000000e+00
     0.711121   1.000000000e+00
     0.711192   1.000000000e+00
     0.711263   1.000000000e+00
     0.711334   1.000000000e+00
     0.711405   1.000000000e+00
     0.711476   1.000000000e+00
     0.711547   1.000000000e+00
     0.711619   1.000000000e+00
     0.711690   1.000000000e+00
     0.711761   1.000000000e+00
     0.711832   1.000000000e+00
     0.711903   1.000000000e+00
     0.711975   1.000000000e+00
     0.712046   1.000000000e+00
     0.712117   1.000000000e+00
     0.712188   1.000000000e+00
     0.712259   1.000000000e+00
     0.712331   1.000000000e+00
     0.712402   1.000000000e+00
     0.712473   1.000000000e+00
     0.712544   1.000000000e+00
     0.712616   1.000000000e+00
     0.712687   1.000000000e+00
     0.712758   1.000000000e+00
     0.712829   1.000000000e+00
     0.712901   1.000000000e+00
     0.712972   1.000000000e+00
     0.713043   1.000000000e+00
     0.713115   1.000000000e+00
     0.713186   1.000000000e+00
     0.713257   1.000000000e+00
     0.713329   1.000000000e+00
     0.713400   1.000000000e+00
     0.713471   1.000000000e+00
     0.713543   1.000000000e+00
     0.713614   1.000000000e+00
     0.713685   1.000000000e+00
     0.713757   1.000000000e+00
     0.713828   1.000000000e+00
     0.713899   1.000000000e+00
     0.713971   1.000000000e+00
     0.714042   1.000000000e+00
     0.714114   1.000000000e+00
     0.714185   1.000000000e+00
     0.714257   1.000000000e+00
     0.714328   1.000000000e+00
     0.714399   1.000000000e+00
     0.714471   1.000000000e+00
     0.714542   1.000000000e+00
     0.714614   1.000000000e+00
     0.714685   1.000000000e+00
     0.714757   1.000000000e+00
     0.714828   1.000000000e+00
     0.714900   1.000000000e+00
     0.714971   1.000000000e+00
     0.715043   1.000000000e+00
     0.715114   1.000000000e+00
     0.715186   1.000000000e+00
     0.715257   1.000000000e+00
     0.715329   1.000000000e+00
     0.715400   1.000000000e+00
     0.715472   1.000000000e+00
     0.715543   1.000000000e+00
     0.715615   1.000000000e+00
     0.715686   1.000000000e+00
     0.715758   1.000000000e+00
     0.715830   1.000000000e+00
     0.715901   1.000000000e+00
     0.715973   1.000000000e+00
     0.716044   1.000000000e+00
     0.716116   1.000000000e+00
     0.716188   1.000000000e+00
     0.716259   1.000000000e+00
     0.716331   1.000000000e+00
     0.716402   1.000000000e+00
     0.716474   1.000000000e+00
     0.716546   1.000000000e+00
     0.716617   1.000000000e+00
     0.716689   1.000000000e+00
     0.716761   1.000000000e+00
     0.716832   1.000000000e+00
     0.716904   1.000000000e+00
     0.716976   1.000000000e+00
     0.717048   1.000000000e+00
     0.717119   1.000000000e+00
     0.717191   1.000000000e+00
     0.717263   1.000000000e+00
     0.717334   1.000000000e+00
     0.717406   1.000000000e+00
     0.717478   1.000000000e+00
     0.717550   1.000000000e+00
     0.717621   1.000000000e+00
     0.717693   1.000000000e+00
     0.717765   1.000000000e+00
     0.717837   1.000000000e+00
     0.717909   1.000000000e+00
     0.717980   1.000000000e+00
     0.718052   1.000000000e+00
     0.718124   1.000000000e+00
     0.718196   1.000000000e+00
     0.718268   1.000000000e+00
     0.718339   1.000000000e+00
     0.718411   1.000000000e+00
     0.718483   1.000000000e+00
     0.718555   1.000000000e+00
     0.718627   1.000000000e+00
     0.718699   1.000000000e+00
     0.718771   1.000000000e+00
     0.718842   1.000000000e+00
     0.718914   1.000000000e+00
     0.718986   1.000000000e+00
     0.719058   1.000000000e+00
     0.719130   1.000000000e+00
     0.719202   1.000000000e+00
     0.719274   1.000000000e+00
     0.719346   1.000000000e+00
     0.719418   1.000000000e+00
     0.719490   1.000000000e+00
     0.719562   1.000000000e+00
     0.719634   1.000000000e+00
     0.719706   1.000000000e+00
     0.719778   1.000000000e+00
     0.719849   1.000000000e+00
     0.719921   1.000000000e+00
     0.719993   1.000000000e+00
     0.720065   1.000000000e+00
     0.720137   1.000000000e+00
     0.720210   1.000000000e+00
     0.720282   1.000000000e+00
     0.720354   1.000000000e+00
     0.720426   1.000000000e+00
     0.720498   1.000000000e+00
     0.720570   1.000000000e+00
     0.720642   1.000000000e+00
     0.720714   1.000000000e+00
     0.720786   1.000000000e+00
     0.720858   1.000000000e+00
     0.720930   1.000000000e+00
     0.721002   1.000000000e+00
     0.721074   1.000000000e+00
     0.721146   1.000000000e+00
     0.721219   1.000000000e+00
     0.721291   1.000000000e+00
     0.721363   1.000000000e+00
     0.721435   1.000000000e+00
     0.721507   1.000000000e+00
     0.721579   1.000000000e+00
     0.721651   1.000000000e+00
     0.721724   1.000000000e+00
     0.721796   1.000000000e+00
     0.721868   1.000000000e+00
     0.721940   1.000000000e+00
     0.722012   1.000000000e+00
     0.722084   1.000000000e+00
     0.722157   1.000000000e+00
     0.722229   1.000000000e+00
     0.722301   1.000000000e+00
     0.722373   1.000000000e+00
     0.722446   1.000000000e+00
     0.722518   1.000000000e+00
     0.722590   1.000000000e+00
     0.722662   1.000000000e+00
     0.722735   1.000000000e+00
     0.722807   1.000000000e+00
     0.722879   1.000000000e+00
     0.722952   1.000000000e+00
     0.723024   0.000000000e+00
     0.723096   0.000000000e+00
     0.723168   0.000000000e+00
     0.723241   0.000000000e+00
     0.723313   0.000000000e+00
     0.723385   0.000000000e+00
     0.723458   0.000000000e+00
     0.723530   0.000000000e+00
     0.723602   0.000000000e+00
     0.723675   0.000000000e+00
     0.723747   0.000000000e+00
     0.723820   0.000000000e+00
     0.723892   0.000000000e+00
     0.723964   0.000000000e+00
     0.724037   0.000000000e+00
     0.724109   0.000000000e+00
     0.724182   0.000000000e+00
     0.724254   0.000000000e+00
     0.724326   0.000000000e+00
     0.724399   0.000000000e+00
     0.724471   0.000000000e+00
     0.724544   0.000000000e+00
     0.724616   0.000000000e+00
     0.724689   0.000000000e+00
     0.724761   0.000000000e+00
     0.724834   0.000000000e+00
     0.724906   0.000000000e+00
     0.724979   0.000000000e+00
     0.725051   0.000000000e+00
     0.725124   0.000000000e+00
     0.725196   0.000000000e+00
     0.725269   0.000000000e+00
     0.725341   0.000000000e+00
     0.725414   0.000000000e+00
