# Wavelength      transmission
#         um          unitless
     1.23856   0.000000000e+00
     1.23868   0.000000000e+00
     1.23881   0.000000000e+00
     1.23893   0.000000000e+00
     1.23905   0.000000000e+00
     1.23918   0.000000000e+00
     1.23930   0.000000000e+00
     1.23942   0.000000000e+00
     1.23955   0.000000000e+00
     1.23967   0.000000000e+00
     1.23980   0.000000000e+00
     1.23992   0.000000000e+00
     1.24004   1.000000000e+00
     1.24017   1.000000000e+00
     1.24029   1.000000000e+00
     1.24042   1.000000000e+00
     1.24054   1.000000000e+00
     1.24066   1.000000000e+00
     1.24079   1.000000000e+00
     1.24091   1.000000000e+00
     1.24104   1.000000000e+00
     1.24116   1.000000000e+00
     1.24129   1.000000000e+00
     1.24141   1.000000000e+00
     1.24153   1.000000000e+00
     1.24166   1.000000000e+00
     1.24178   1.000000000e+00
     1.24191   1.000000000e+00
     1.24203   1.000000000e+00
     1.24215   1.000000000e+00
     1.24228   1.000000000e+00
     1.24240   1.000000000e+00
     1.24253   1.000000000e+00
     1.24265   1.000000000e+00
     1.24278   1.000000000e+00
     1.24290   1.000000000e+00
     1.24302   1.000000000e+00
     1.24315   1.000000000e+00
     1.24327   1.000000000e+00
     1.24340   1.000000000e+00
     1.24352   1.000000000e+00
     1.24365   1.000000000e+00
     1.24377   1.000000000e+00
     1.24389   1.000000000e+00
     1.24402   1.000000000e+00
     1.24414   1.000000000e+00
     1.24427   1.000000000e+00
     1.24439   1.000000000e+00
     1.24452   1.000000000e+00
     1.24464   1.000000000e+00
     1.24477   1.000000000e+00
     1.24489   1.000000000e+00
     1.24501   1.000000000e+00
     1.24514   1.000000000e+00
     1.24526   1.000000000e+00
     1.24539   1.000000000e+00
     1.24551   1.000000000e+00
     1.24564   1.000000000e+00
     1.24576   1.000000000e+00
     1.24589   1.000000000e+00
     1.24601   1.000000000e+00
     1.24614   1.000000000e+00
     1.24626   1.000000000e+00
     1.24638   1.000000000e+00
     1.24651   1.000000000e+00
     1.24663   1.000000000e+00
     1.24676   1.000000000e+00
     1.24688   1.000000000e+00
     1.24701   1.000000000e+00
     1.24713   1.000000000e+00
     1.24726   1.000000000e+00
     1.24738   1.000000000e+00
     1.24751   1.000000000e+00
     1.24763   1.000000000e+00
     1.24776   1.000000000e+00
     1.24788   1.000000000e+00
     1.24801   1.000000000e+00
     1.24813   1.000000000e+00
     1.24826   1.000000000e+00
     1.24838   1.000000000e+00
     1.24851   1.000000000e+00
     1.24863   1.000000000e+00
     1.24876   1.000000000e+00
     1.24888   1.000000000e+00
     1.24901   1.000000000e+00
     1.24913   1.000000000e+00
     1.24925   1.000000000e+00
     1.24938   1.000000000e+00
     1.24950   1.000000000e+00
     1.24963   1.000000000e+00
     1.24975   1.000000000e+00
     1.24988   1.000000000e+00
     1.25000   1.000000000e+00
     1.25013   1.000000000e+00
     1.25025   1.000000000e+00
     1.25038   1.000000000e+00
     1.25050   1.000000000e+00
     1.25063   1.000000000e+00
     1.25075   1.000000000e+00
     1.25088   1.000000000e+00
     1.25101   1.000000000e+00
     1.25113   1.000000000e+00
     1.25126   1.000000000e+00
     1.25138   1.000000000e+00
     1.25151   1.000000000e+00
     1.25163   1.000000000e+00
     1.25176   1.000000000e+00
     1.25188   1.000000000e+00
     1.25201   1.000000000e+00
     1.25213   1.000000000e+00
     1.25226   1.000000000e+00
     1.25238   1.000000000e+00
     1.25251   1.000000000e+00
     1.25263   1.000000000e+00
     1.25276   1.000000000e+00
     1.25288   1.000000000e+00
     1.25301   1.000000000e+00
     1.25313   1.000000000e+00
     1.25326   1.000000000e+00
     1.25338   1.000000000e+00
     1.25351   1.000000000e+00
     1.25363   1.000000000e+00
     1.25376   1.000000000e+00
     1.25389   1.000000000e+00
     1.25401   1.000000000e+00
     1.25414   1.000000000e+00
     1.25426   1.000000000e+00
     1.25439   1.000000000e+00
     1.25451   1.000000000e+00
     1.25464   1.000000000e+00
     1.25476   1.000000000e+00
     1.25489   1.000000000e+00
     1.25501   1.000000000e+00
     1.25514   1.000000000e+00
     1.25527   1.000000000e+00
     1.25539   1.000000000e+00
     1.25552   1.000000000e+00
     1.25564   1.000000000e+00
     1.25577   1.000000000e+00
     1.25589   1.000000000e+00
     1.25602   1.000000000e+00
     1.25614   1.000000000e+00
     1.25627   1.000000000e+00
     1.25640   1.000000000e+00
     1.25652   1.000000000e+00
     1.25665   1.000000000e+00
     1.25677   1.000000000e+00
     1.25690   1.000000000e+00
     1.25702   1.000000000e+00
     1.25715   1.000000000e+00
     1.25728   1.000000000e+00
     1.25740   1.000000000e+00
     1.25753   1.000000000e+00
     1.25765   1.000000000e+00
     1.25778   1.000000000e+00
     1.25790   1.000000000e+00
     1.25803   1.000000000e+00
     1.25816   1.000000000e+00
     1.25828   1.000000000e+00
     1.25841   1.000000000e+00
     1.25853   1.000000000e+00
     1.25866   1.000000000e+00
     1.25879   1.000000000e+00
     1.25891   1.000000000e+00
     1.25904   1.000000000e+00
     1.25916   1.000000000e+00
     1.25929   1.000000000e+00
     1.25941   1.000000000e+00
     1.25954   1.000000000e+00
     1.25967   1.000000000e+00
     1.25979   1.000000000e+00
     1.25992   1.000000000e+00
     1.26004   1.000000000e+00
     1.26017   1.000000000e+00
     1.26030   1.000000000e+00
     1.26042   1.000000000e+00
     1.26055   1.000000000e+00
     1.26068   1.000000000e+00
     1.26080   1.000000000e+00
     1.26093   1.000000000e+00
     1.26105   1.000000000e+00
     1.26118   1.000000000e+00
     1.26131   1.000000000e+00
     1.26143   1.000000000e+00
     1.26156   1.000000000e+00
     1.26168   1.000000000e+00
     1.26181   1.000000000e+00
     1.26194   1.000000000e+00
     1.26206   1.000000000e+00
     1.26219   1.000000000e+00
     1.26231   1.000000000e+00
     1.26244   1.000000000e+00
     1.26257   1.000000000e+00
     1.26269   1.000000000e+00
     1.26282   1.000000000e+00
     1.26295   1.000000000e+00
     1.26307   1.000000000e+00
     1.26320   1.000000000e+00
     1.26333   1.000000000e+00
     1.26345   1.000000000e+00
     1.26358   1.000000000e+00
     1.26370   1.000000000e+00
     1.26383   1.000000000e+00
     1.26396   1.000000000e+00
     1.26408   1.000000000e+00
     1.26421   1.000000000e+00
     1.26434   1.000000000e+00
     1.26446   1.000000000e+00
     1.26459   1.000000000e+00
     1.26472   1.000000000e+00
     1.26484   1.000000000e+00
     1.26497   1.000000000e+00
     1.26510   1.000000000e+00
     1.26522   1.000000000e+00
     1.26535   1.000000000e+00
     1.26547   1.000000000e+00
     1.26560   1.000000000e+00
     1.26573   1.000000000e+00
     1.26585   1.000000000e+00
     1.26598   1.000000000e+00
     1.26611   1.000000000e+00
     1.26623   1.000000000e+00
     1.26636   1.000000000e+00
     1.26649   1.000000000e+00
     1.26661   1.000000000e+00
     1.26674   1.000000000e+00
     1.26687   1.000000000e+00
     1.26699   1.000000000e+00
     1.26712   1.000000000e+00
     1.26725   1.000000000e+00
     1.26737   1.000000000e+00
     1.26750   1.000000000e+00
     1.26763   1.000000000e+00
     1.26775   1.000000000e+00
     1.26788   1.000000000e+00
     1.26801   1.000000000e+00
     1.26813   1.000000000e+00
     1.26826   1.000000000e+00
     1.26839   1.000000000e+00
     1.26852   1.000000000e+00
     1.26864   1.000000000e+00
     1.26877   1.000000000e+00
     1.26890   1.000000000e+00
     1.26902   1.000000000e+00
     1.26915   1.000000000e+00
     1.26928   1.000000000e+00
     1.26940   1.000000000e+00
     1.26953   1.000000000e+00
     1.26966   1.000000000e+00
     1.26978   1.000000000e+00
     1.26991   1.000000000e+00
     1.27004   0.000000000e+00
     1.27017   0.000000000e+00
     1.27029   0.000000000e+00
     1.27042   0.000000000e+00
     1.27055   0.000000000e+00
     1.27067   0.000000000e+00
     1.27080   0.000000000e+00
     1.27093   0.000000000e+00
     1.27106   0.000000000e+00
     1.27118   0.000000000e+00
     1.27131   0.000000000e+00
     1.27144   0.000000000e+00
