# Wavelength      transmission
#         um          unitless
     1.33062   0.000000000e+00
     1.33076   0.000000000e+00
     1.33089   0.000000000e+00
     1.33102   0.000000000e+00
     1.33115   0.000000000e+00
     1.33129   0.000000000e+00
     1.33142   0.000000000e+00
     1.33155   0.000000000e+00
     1.33169   1.000000000e+00
     1.33182   1.000000000e+00
     1.33195   1.000000000e+00
     1.33209   1.000000000e+00
     1.33222   1.000000000e+00
     1.33235   1.000000000e+00
     1.33249   1.000000000e+00
     1.33262   1.000000000e+00
     1.33275   1.000000000e+00
     1.33289   1.000000000e+00
     1.33302   1.000000000e+00
     1.33315   1.000000000e+00
     1.33329   1.000000000e+00
     1.33342   1.000000000e+00
     1.33355   1.000000000e+00
     1.33369   1.000000000e+00
     1.33382   1.000000000e+00
     1.33395   1.000000000e+00
     1.33409   1.000000000e+00
     1.33422   1.000000000e+00
     1.33435   1.000000000e+00
     1.33449   1.000000000e+00
     1.33462   1.000000000e+00
     1.33475   1.000000000e+00
     1.33489   1.000000000e+00
     1.33502   1.000000000e+00
     1.33515   1.000000000e+00
     1.33529   1.000000000e+00
     1.33542   1.000000000e+00
     1.33555   1.000000000e+00
     1.33569   1.000000000e+00
     1.33582   1.000000000e+00
     1.33596   1.000000000e+00
     1.33609   1.000000000e+00
     1.33622   1.000000000e+00
     1.33636   1.000000000e+00
     1.33649   1.000000000e+00
     1.33662   1.000000000e+00
     1.33676   1.000000000e+00
     1.33689   1.000000000e+00
     1.33702   1.000000000e+00
     1.33716   1.000000000e+00
     1.33729   1.000000000e+00
     1.33743   1.000000000e+00
     1.33756   1.000000000e+00
     1.33769   1.000000000e+00
     1.33783   1.000000000e+00
     1.33796   1.000000000e+00
     1.33809   1.000000000e+00
     1.33823   1.000000000e+00
     1.33836   1.000000000e+00
     1.33850   1.000000000e+00
     1.33863   1.000000000e+00
     1.33876   1.000000000e+00
     1.33890   1.000000000e+00
     1.33903   1.000000000e+00
     1.33917   1.000000000e+00
     1.33930   1.000000000e+00
     1.33943   1.000000000e+00
     1.33957   1.000000000e+00
     1.33970   1.000000000e+00
     1.33984   1.000000000e+00
     1.33997   1.000000000e+00
     1.34010   1.000000000e+00
     1.34024   1.000000000e+00
     1.34037   1.000000000e+00
     1.34051   1.000000000e+00
     1.34064   1.000000000e+00
     1.34077   1.000000000e+00
     1.34091   1.000000000e+00
     1.34104   1.000000000e+00
     1.34118   1.000000000e+00
     1.34131   1.000000000e+00
     1.34144   1.000000000e+00
     1.34158   1.000000000e+00
     1.34171   1.000000000e+00
     1.34185   1.000000000e+00
     1.34198   1.000000000e+00
     1.34211   1.000000000e+00
     1.34225   1.000000000e+00
     1.34238   1.000000000e+00
     1.34252   1.000000000e+00
     1.34265   1.000000000e+00
     1.34279   1.000000000e+00
     1.34292   1.000000000e+00
     1.34305   1.000000000e+00
     1.34319   1.000000000e+00
     1.34332   1.000000000e+00
     1.34346   1.000000000e+00
     1.34359   1.000000000e+00
     1.34373   1.000000000e+00
     1.34386   1.000000000e+00
     1.34400   1.000000000e+00
     1.34413   1.000000000e+00
     1.34426   1.000000000e+00
     1.34440   1.000000000e+00
     1.34453   1.000000000e+00
     1.34467   1.000000000e+00
     1.34480   1.000000000e+00
     1.34494   1.000000000e+00
     1.34507   1.000000000e+00
     1.34521   1.000000000e+00
     1.34534   1.000000000e+00
     1.34547   1.000000000e+00
     1.34561   1.000000000e+00
     1.34574   1.000000000e+00
     1.34588   1.000000000e+00
     1.34601   1.000000000e+00
     1.34615   1.000000000e+00
     1.34628   1.000000000e+00
     1.34642   1.000000000e+00
     1.34655   1.000000000e+00
     1.34669   1.000000000e+00
     1.34682   1.000000000e+00
     1.34696   1.000000000e+00
     1.34709   1.000000000e+00
     1.34722   1.000000000e+00
     1.34736   1.000000000e+00
     1.34749   1.000000000e+00
     1.34763   1.000000000e+00
     1.34776   1.000000000e+00
     1.34790   1.000000000e+00
     1.34803   1.000000000e+00
     1.34817   1.000000000e+00
     1.34830   1.000000000e+00
     1.34844   1.000000000e+00
     1.34857   1.000000000e+00
     1.34871   1.000000000e+00
     1.34884   1.000000000e+00
     1.34898   1.000000000e+00
     1.34911   1.000000000e+00
     1.34925   1.000000000e+00
     1.34938   1.000000000e+00
     1.34952   1.000000000e+00
     1.34965   1.000000000e+00
     1.34979   1.000000000e+00
     1.34992   1.000000000e+00
     1.35006   1.000000000e+00
     1.35019   1.000000000e+00
     1.35033   1.000000000e+00
     1.35046   0.000000000e+00
     1.35060   0.000000000e+00
     1.35073   0.000000000e+00
     1.35087   0.000000000e+00
     1.35100   0.000000000e+00
     1.35114   0.000000000e+00
     1.35127   0.000000000e+00
