# Wavelength      transmission
#         um          unitless
     1.17969   0.000000000e+00
     1.17981   0.000000000e+00
     1.17993   0.000000000e+00
     1.18005   0.000000000e+00
     1.18017   0.000000000e+00
     1.18028   0.000000000e+00
     1.18040   0.000000000e+00
     1.18052   0.000000000e+00
     1.18064   1.000000000e+00
     1.18076   1.000000000e+00
     1.18087   1.000000000e+00
     1.18099   1.000000000e+00
     1.18111   1.000000000e+00
     1.18123   1.000000000e+00
     1.18135   1.000000000e+00
     1.18146   1.000000000e+00
     1.18158   1.000000000e+00
     1.18170   1.000000000e+00
     1.18182   1.000000000e+00
     1.18194   1.000000000e+00
     1.18206   1.000000000e+00
     1.18217   1.000000000e+00
     1.18229   1.000000000e+00
     1.18241   1.000000000e+00
     1.18253   1.000000000e+00
     1.18265   1.000000000e+00
     1.18276   1.000000000e+00
     1.18288   1.000000000e+00
     1.18300   1.000000000e+00
     1.18312   1.000000000e+00
     1.18324   1.000000000e+00
     1.18336   1.000000000e+00
     1.18347   1.000000000e+00
     1.18359   1.000000000e+00
     1.18371   1.000000000e+00
     1.18383   1.000000000e+00
     1.18395   1.000000000e+00
     1.18407   1.000000000e+00
     1.18419   1.000000000e+00
     1.18430   1.000000000e+00
     1.18442   1.000000000e+00
     1.18454   1.000000000e+00
     1.18466   1.000000000e+00
     1.18478   1.000000000e+00
     1.18490   1.000000000e+00
     1.18501   1.000000000e+00
     1.18513   1.000000000e+00
     1.18525   1.000000000e+00
     1.18537   1.000000000e+00
     1.18549   1.000000000e+00
     1.18561   1.000000000e+00
     1.18573   1.000000000e+00
     1.18584   1.000000000e+00
     1.18596   1.000000000e+00
     1.18608   1.000000000e+00
     1.18620   1.000000000e+00
     1.18632   1.000000000e+00
     1.18644   1.000000000e+00
     1.18656   1.000000000e+00
     1.18667   1.000000000e+00
     1.18679   1.000000000e+00
     1.18691   1.000000000e+00
     1.18703   1.000000000e+00
     1.18715   1.000000000e+00
     1.18727   1.000000000e+00
     1.18739   1.000000000e+00
     1.18751   1.000000000e+00
     1.18762   1.000000000e+00
     1.18774   1.000000000e+00
     1.18786   1.000000000e+00
     1.18798   1.000000000e+00
     1.18810   1.000000000e+00
     1.18822   1.000000000e+00
     1.18834   1.000000000e+00
     1.18846   1.000000000e+00
     1.18857   1.000000000e+00
     1.18869   1.000000000e+00
     1.18881   1.000000000e+00
     1.18893   1.000000000e+00
     1.18905   1.000000000e+00
     1.18917   1.000000000e+00
     1.18929   1.000000000e+00
     1.18941   1.000000000e+00
     1.18953   1.000000000e+00
     1.18964   1.000000000e+00
     1.18976   1.000000000e+00
     1.18988   1.000000000e+00
     1.19000   1.000000000e+00
     1.19012   1.000000000e+00
     1.19024   1.000000000e+00
     1.19036   1.000000000e+00
     1.19048   1.000000000e+00
     1.19060   1.000000000e+00
     1.19072   1.000000000e+00
     1.19084   1.000000000e+00
     1.19095   1.000000000e+00
     1.19107   1.000000000e+00
     1.19119   1.000000000e+00
     1.19131   1.000000000e+00
     1.19143   1.000000000e+00
     1.19155   1.000000000e+00
     1.19167   1.000000000e+00
     1.19179   1.000000000e+00
     1.19191   1.000000000e+00
     1.19203   1.000000000e+00
     1.19215   1.000000000e+00
     1.19226   1.000000000e+00
     1.19238   1.000000000e+00
     1.19250   1.000000000e+00
     1.19262   1.000000000e+00
     1.19274   1.000000000e+00
     1.19286   1.000000000e+00
     1.19298   1.000000000e+00
     1.19310   1.000000000e+00
     1.19322   1.000000000e+00
     1.19334   1.000000000e+00
     1.19346   1.000000000e+00
     1.19358   1.000000000e+00
     1.19370   1.000000000e+00
     1.19382   1.000000000e+00
     1.19394   1.000000000e+00
     1.19405   1.000000000e+00
     1.19417   1.000000000e+00
     1.19429   1.000000000e+00
     1.19441   1.000000000e+00
     1.19453   1.000000000e+00
     1.19465   1.000000000e+00
     1.19477   1.000000000e+00
     1.19489   1.000000000e+00
     1.19501   1.000000000e+00
     1.19513   1.000000000e+00
     1.19525   1.000000000e+00
     1.19537   1.000000000e+00
     1.19549   1.000000000e+00
     1.19561   1.000000000e+00
     1.19573   1.000000000e+00
     1.19585   1.000000000e+00
     1.19597   1.000000000e+00
     1.19609   1.000000000e+00
     1.19621   1.000000000e+00
     1.19633   1.000000000e+00
     1.19645   1.000000000e+00
     1.19656   1.000000000e+00
     1.19668   1.000000000e+00
     1.19680   1.000000000e+00
     1.19692   1.000000000e+00
     1.19704   1.000000000e+00
     1.19716   1.000000000e+00
     1.19728   1.000000000e+00
     1.19740   1.000000000e+00
     1.19752   1.000000000e+00
     1.19764   1.000000000e+00
     1.19776   1.000000000e+00
     1.19788   1.000000000e+00
     1.19800   1.000000000e+00
     1.19812   1.000000000e+00
     1.19824   1.000000000e+00
     1.19836   1.000000000e+00
     1.19848   1.000000000e+00
     1.19860   1.000000000e+00
     1.19872   1.000000000e+00
     1.19884   1.000000000e+00
     1.19896   1.000000000e+00
     1.19908   1.000000000e+00
     1.19920   1.000000000e+00
     1.19932   1.000000000e+00
     1.19944   0.000000000e+00
     1.19956   0.000000000e+00
     1.19968   0.000000000e+00
     1.19980   0.000000000e+00
     1.19992   0.000000000e+00
     1.20004   0.000000000e+00
     1.20016   0.000000000e+00
     1.20028   0.000000000e+00
