# Wavelength      transmission
#         um          unitless
     1.44362   0.000000000e+00
     1.44377   0.000000000e+00
     1.44391   0.000000000e+00
     1.44405   0.000000000e+00
     1.44420   0.000000000e+00
     1.44434   0.000000000e+00
     1.44449   0.000000000e+00
     1.44463   1.000000000e+00
     1.44478   1.000000000e+00
     1.44492   1.000000000e+00
     1.44507   1.000000000e+00
     1.44521   1.000000000e+00
     1.44535   1.000000000e+00
     1.44550   1.000000000e+00
     1.44564   1.000000000e+00
     1.44579   1.000000000e+00
     1.44593   1.000000000e+00
     1.44608   1.000000000e+00
     1.44622   1.000000000e+00
     1.44637   1.000000000e+00
     1.44651   1.000000000e+00
     1.44666   1.000000000e+00
     1.44680   1.000000000e+00
     1.44695   1.000000000e+00
     1.44709   1.000000000e+00
     1.44723   1.000000000e+00
     1.44738   1.000000000e+00
     1.44752   1.000000000e+00
     1.44767   1.000000000e+00
     1.44781   1.000000000e+00
     1.44796   1.000000000e+00
     1.44810   1.000000000e+00
     1.44825   1.000000000e+00
     1.44839   1.000000000e+00
     1.44854   1.000000000e+00
     1.44868   1.000000000e+00
     1.44883   1.000000000e+00
     1.44897   1.000000000e+00
     1.44912   1.000000000e+00
     1.44926   1.000000000e+00
     1.44941   1.000000000e+00
     1.44955   1.000000000e+00
     1.44970   1.000000000e+00
     1.44984   1.000000000e+00
     1.44999   1.000000000e+00
     1.45013   1.000000000e+00
     1.45028   1.000000000e+00
     1.45042   1.000000000e+00
     1.45057   1.000000000e+00
     1.45071   1.000000000e+00
     1.45086   1.000000000e+00
     1.45100   1.000000000e+00
     1.45115   1.000000000e+00
     1.45129   1.000000000e+00
     1.45144   1.000000000e+00
     1.45158   1.000000000e+00
     1.45173   1.000000000e+00
     1.45187   1.000000000e+00
     1.45202   1.000000000e+00
     1.45216   1.000000000e+00
     1.45231   1.000000000e+00
     1.45245   1.000000000e+00
     1.45260   1.000000000e+00
     1.45274   1.000000000e+00
     1.45289   1.000000000e+00
     1.45304   1.000000000e+00
     1.45318   1.000000000e+00
     1.45333   1.000000000e+00
     1.45347   1.000000000e+00
     1.45362   1.000000000e+00
     1.45376   1.000000000e+00
     1.45391   1.000000000e+00
     1.45405   1.000000000e+00
     1.45420   1.000000000e+00
     1.45434   1.000000000e+00
     1.45449   1.000000000e+00
     1.45463   1.000000000e+00
     1.45478   1.000000000e+00
     1.45493   1.000000000e+00
     1.45507   1.000000000e+00
     1.45522   1.000000000e+00
     1.45536   1.000000000e+00
     1.45551   1.000000000e+00
     1.45565   1.000000000e+00
     1.45580   1.000000000e+00
     1.45594   1.000000000e+00
     1.45609   1.000000000e+00
     1.45624   1.000000000e+00
     1.45638   1.000000000e+00
     1.45653   1.000000000e+00
     1.45667   1.000000000e+00
     1.45682   1.000000000e+00
     1.45696   1.000000000e+00
     1.45711   1.000000000e+00
     1.45726   1.000000000e+00
     1.45740   1.000000000e+00
     1.45755   1.000000000e+00
     1.45769   1.000000000e+00
     1.45784   1.000000000e+00
     1.45798   1.000000000e+00
     1.45813   1.000000000e+00
     1.45828   1.000000000e+00
     1.45842   1.000000000e+00
     1.45857   1.000000000e+00
     1.45871   1.000000000e+00
     1.45886   1.000000000e+00
     1.45900   1.000000000e+00
     1.45915   1.000000000e+00
     1.45930   1.000000000e+00
     1.45944   1.000000000e+00
     1.45959   1.000000000e+00
     1.45973   1.000000000e+00
     1.45988   1.000000000e+00
     1.46003   1.000000000e+00
     1.46017   1.000000000e+00
     1.46032   1.000000000e+00
     1.46046   1.000000000e+00
     1.46061   1.000000000e+00
     1.46076   1.000000000e+00
     1.46090   1.000000000e+00
     1.46105   1.000000000e+00
     1.46120   1.000000000e+00
     1.46134   1.000000000e+00
     1.46149   1.000000000e+00
     1.46163   1.000000000e+00
     1.46178   1.000000000e+00
     1.46193   1.000000000e+00
     1.46207   1.000000000e+00
     1.46222   1.000000000e+00
     1.46236   1.000000000e+00
     1.46251   1.000000000e+00
     1.46266   1.000000000e+00
     1.46280   1.000000000e+00
     1.46295   1.000000000e+00
     1.46310   1.000000000e+00
     1.46324   1.000000000e+00
     1.46339   1.000000000e+00
     1.46353   0.000000000e+00
     1.46368   0.000000000e+00
     1.46383   0.000000000e+00
     1.46397   0.000000000e+00
     1.46412   0.000000000e+00
     1.46427   0.000000000e+00
