# Wavelength      transmission
#         um          unitless
     1.51862   0.000000000e+00
     1.51877   0.000000000e+00
     1.51893   0.000000000e+00
     1.51908   0.000000000e+00
     1.51923   0.000000000e+00
     1.51938   0.000000000e+00
     1.51953   0.000000000e+00
     1.51969   1.000000000e+00
     1.51984   1.000000000e+00
     1.51999   1.000000000e+00
     1.52014   1.000000000e+00
     1.52029   1.000000000e+00
     1.52045   1.000000000e+00
     1.52060   1.000000000e+00
     1.52075   1.000000000e+00
     1.52090   1.000000000e+00
     1.52105   1.000000000e+00
     1.52121   1.000000000e+00
     1.52136   1.000000000e+00
     1.52151   1.000000000e+00
     1.52166   1.000000000e+00
     1.52182   1.000000000e+00
     1.52197   1.000000000e+00
     1.52212   1.000000000e+00
     1.52227   1.000000000e+00
     1.52242   1.000000000e+00
     1.52258   1.000000000e+00
     1.52273   1.000000000e+00
     1.52288   1.000000000e+00
     1.52303   1.000000000e+00
     1.52319   1.000000000e+00
     1.52334   1.000000000e+00
     1.52349   1.000000000e+00
     1.52364   1.000000000e+00
     1.52379   1.000000000e+00
     1.52395   1.000000000e+00
     1.52410   1.000000000e+00
     1.52425   1.000000000e+00
     1.52440   1.000000000e+00
     1.52456   1.000000000e+00
     1.52471   1.000000000e+00
     1.52486   1.000000000e+00
     1.52501   1.000000000e+00
     1.52517   1.000000000e+00
     1.52532   1.000000000e+00
     1.52547   1.000000000e+00
     1.52562   1.000000000e+00
     1.52578   1.000000000e+00
     1.52593   1.000000000e+00
     1.52608   1.000000000e+00
     1.52623   1.000000000e+00
     1.52639   1.000000000e+00
     1.52654   1.000000000e+00
     1.52669   1.000000000e+00
     1.52685   1.000000000e+00
     1.52700   1.000000000e+00
     1.52715   1.000000000e+00
     1.52730   1.000000000e+00
     1.52746   1.000000000e+00
     1.52761   1.000000000e+00
     1.52776   1.000000000e+00
     1.52791   1.000000000e+00
     1.52807   1.000000000e+00
     1.52822   1.000000000e+00
     1.52837   1.000000000e+00
     1.52853   1.000000000e+00
     1.52868   1.000000000e+00
     1.52883   1.000000000e+00
     1.52898   1.000000000e+00
     1.52914   1.000000000e+00
     1.52929   1.000000000e+00
     1.52944   1.000000000e+00
     1.52960   1.000000000e+00
     1.52975   1.000000000e+00
     1.52990   1.000000000e+00
     1.53006   1.000000000e+00
     1.53021   1.000000000e+00
     1.53036   1.000000000e+00
     1.53051   1.000000000e+00
     1.53067   1.000000000e+00
     1.53082   1.000000000e+00
     1.53097   1.000000000e+00
     1.53113   1.000000000e+00
     1.53128   1.000000000e+00
     1.53143   1.000000000e+00
     1.53159   1.000000000e+00
     1.53174   1.000000000e+00
     1.53189   1.000000000e+00
     1.53205   1.000000000e+00
     1.53220   1.000000000e+00
     1.53235   1.000000000e+00
     1.53251   1.000000000e+00
     1.53266   1.000000000e+00
     1.53281   1.000000000e+00
     1.53296   1.000000000e+00
     1.53312   1.000000000e+00
     1.53327   1.000000000e+00
     1.53342   1.000000000e+00
     1.53358   1.000000000e+00
     1.53373   1.000000000e+00
     1.53389   1.000000000e+00
     1.53404   1.000000000e+00
     1.53419   1.000000000e+00
     1.53435   1.000000000e+00
     1.53450   1.000000000e+00
     1.53465   1.000000000e+00
     1.53481   1.000000000e+00
     1.53496   1.000000000e+00
     1.53511   1.000000000e+00
     1.53527   1.000000000e+00
     1.53542   1.000000000e+00
     1.53557   1.000000000e+00
     1.53573   1.000000000e+00
     1.53588   1.000000000e+00
     1.53603   1.000000000e+00
     1.53619   1.000000000e+00
     1.53634   1.000000000e+00
     1.53649   1.000000000e+00
     1.53665   1.000000000e+00
     1.53680   1.000000000e+00
     1.53696   1.000000000e+00
     1.53711   1.000000000e+00
     1.53726   1.000000000e+00
     1.53742   1.000000000e+00
     1.53757   1.000000000e+00
     1.53772   1.000000000e+00
     1.53788   1.000000000e+00
     1.53803   1.000000000e+00
     1.53819   1.000000000e+00
     1.53834   1.000000000e+00
     1.53849   0.000000000e+00
     1.53865   0.000000000e+00
     1.53880   0.000000000e+00
     1.53896   0.000000000e+00
     1.53911   0.000000000e+00
     1.53926   0.000000000e+00
