# Wavelength      transmission
#         um          unitless
     1.65066   0.000000000e+00
     1.65083   0.000000000e+00
     1.65099   0.000000000e+00
     1.65116   0.000000000e+00
     1.65132   0.000000000e+00
     1.65149   0.000000000e+00
     1.65165   1.000000000e+00
     1.65182   1.000000000e+00
     1.65198   1.000000000e+00
     1.65215   1.000000000e+00
     1.65231   1.000000000e+00
     1.65248   1.000000000e+00
     1.65264   1.000000000e+00
     1.65281   1.000000000e+00
     1.65297   1.000000000e+00
     1.65314   1.000000000e+00
     1.65330   1.000000000e+00
     1.65347   1.000000000e+00
     1.65363   1.000000000e+00
     1.65380   1.000000000e+00
     1.65397   1.000000000e+00
     1.65413   1.000000000e+00
     1.65430   1.000000000e+00
     1.65446   1.000000000e+00
     1.65463   1.000000000e+00
     1.65479   1.000000000e+00
     1.65496   1.000000000e+00
     1.65512   1.000000000e+00
     1.65529   1.000000000e+00
     1.65545   1.000000000e+00
     1.65562   1.000000000e+00
     1.65579   1.000000000e+00
     1.65595   1.000000000e+00
     1.65612   1.000000000e+00
     1.65628   1.000000000e+00
     1.65645   1.000000000e+00
     1.65661   1.000000000e+00
     1.65678   1.000000000e+00
     1.65695   1.000000000e+00
     1.65711   1.000000000e+00
     1.65728   1.000000000e+00
     1.65744   1.000000000e+00
     1.65761   1.000000000e+00
     1.65777   1.000000000e+00
     1.65794   1.000000000e+00
     1.65811   1.000000000e+00
     1.65827   1.000000000e+00
     1.65844   1.000000000e+00
     1.65860   1.000000000e+00
     1.65877   1.000000000e+00
     1.65893   1.000000000e+00
     1.65910   1.000000000e+00
     1.65927   1.000000000e+00
     1.65943   1.000000000e+00
     1.65960   1.000000000e+00
     1.65976   1.000000000e+00
     1.65993   1.000000000e+00
     1.66010   1.000000000e+00
     1.66026   1.000000000e+00
     1.66043   1.000000000e+00
     1.66059   1.000000000e+00
     1.66076   1.000000000e+00
     1.66093   1.000000000e+00
     1.66109   1.000000000e+00
     1.66126   1.000000000e+00
     1.66143   1.000000000e+00
     1.66159   1.000000000e+00
     1.66176   1.000000000e+00
     1.66192   1.000000000e+00
     1.66209   1.000000000e+00
     1.66226   1.000000000e+00
     1.66242   1.000000000e+00
     1.66259   1.000000000e+00
     1.66275   1.000000000e+00
     1.66292   1.000000000e+00
     1.66309   1.000000000e+00
     1.66325   1.000000000e+00
     1.66342   1.000000000e+00
     1.66359   1.000000000e+00
     1.66375   1.000000000e+00
     1.66392   1.000000000e+00
     1.66409   1.000000000e+00
     1.66425   1.000000000e+00
     1.66442   1.000000000e+00
     1.66458   1.000000000e+00
     1.66475   1.000000000e+00
     1.66492   1.000000000e+00
     1.66508   1.000000000e+00
     1.66525   1.000000000e+00
     1.66542   1.000000000e+00
     1.66558   1.000000000e+00
     1.66575   1.000000000e+00
     1.66592   1.000000000e+00
     1.66608   1.000000000e+00
     1.66625   1.000000000e+00
     1.66642   1.000000000e+00
     1.66658   1.000000000e+00
     1.66675   1.000000000e+00
     1.66692   1.000000000e+00
     1.66708   1.000000000e+00
     1.66725   1.000000000e+00
     1.66742   1.000000000e+00
     1.66758   1.000000000e+00
     1.66775   1.000000000e+00
     1.66792   1.000000000e+00
     1.66808   1.000000000e+00
     1.66825   1.000000000e+00
     1.66842   1.000000000e+00
     1.66858   1.000000000e+00
     1.66875   1.000000000e+00
     1.66892   1.000000000e+00
     1.66909   1.000000000e+00
     1.66925   1.000000000e+00
     1.66942   1.000000000e+00
     1.66959   1.000000000e+00
     1.66975   1.000000000e+00
     1.66992   1.000000000e+00
     1.67009   1.000000000e+00
     1.67025   1.000000000e+00
     1.67042   0.000000000e+00
     1.67059   0.000000000e+00
     1.67076   0.000000000e+00
     1.67092   0.000000000e+00
     1.67109   0.000000000e+00
     1.67126   0.000000000e+00
